# Instance
name = 10_50_65_15_2

# Sets and Indices
K = 1..10
P = 1..50
T = 1..65
D = {36,37,38,39,40,41,42,43,44,45,46,47,48,49,50}

# Tasks: t -> (i,s) with i in P and s in services
tasks =
1: 1 3
2: 2 3
3: 3 1
4: 4 2
5: 5 1
6: 6 1
7: 7 4
8: 8 5
9: 9 2
10: 10 2
11: 11 4
12: 12 5
13: 13 6
14: 14 5
15: 15 4
16: 16 5
17: 17 1
18: 18 4
19: 19 5
20: 20 2
21: 21 2
22: 22 1
23: 23 2
24: 24 6
25: 25 5
26: 26 2
27: 27 6
28: 28 6
29: 29 3
30: 30 6
31: 31 3
32: 32 6
33: 33 1
34: 34 1
35: 35 3
36: 36 5
37: 36 6
38: 37 5
39: 37 6
40: 38 5
41: 38 6
42: 39 4
43: 39 6
44: 40 4
45: 40 5
46: 41 4
47: 41 5
48: 42 4
49: 42 5
50: 43 1
51: 43 6
52: 44 2
53: 44 5
54: 45 3
55: 45 5
56: 46 1
57: 46 5
58: 47 1
59: 47 6
60: 48 3
61: 48 6
62: 49 3
63: 49 5
64: 50 1
65: 50 5

# Parameters
d_uv =
0 18 42.544 49.092 82.765 80.709 83.006 69.893 77.466 3.162 80.056 68 59.203 36.674 28.018 12.166 82.608 54.424 44.922 48.052 37.202 64.257 43.863 43.324 44.688 47 27.586 4.243 24.413 24.083 66.098 61.074 85.586 40.792 62.65 36.878 36.878 23.324 23.324 23.087 23.087 17.205 17.205 89.006 89.006 34.132 34.132 24.083 24.083 88.566 88.566 82.298 82.298 77.389 77.389 45.011 45.011 69.007 69.007 17.464 17.464 33.615 33.615 47.074 47.074 24.187 24.187
18 0 27.019 31.145 66.888 66.528 68.25 53.226 59.908 17.263 63.506 50 46.228 19.313 10.05 6.325 64.777 38.079 28.178 30.676 30.265 47.885 40 41.195 35.735 29 20.025 21.213 14.142 18.111 48.508 43.105 67.742 23.409 47.634 19.698 19.698 12.166 12.166 33.302 33.302 16.125 16.125 71.007 71.007 16.279 16.279 18.111 18.111 70.711 70.711 64.382 64.382 61.587 61.587 48.847 48.847 51.01 51.01 22.023 22.023 29.017 29.017 53.852 53.852 6.708 6.708
42.544 27.019 0 17.205 40.249 39.598 41.231 27.659 37.054 40.497 37.643 33.615 20.616 10.44 21.095 33.015 43.566 12.166 5.657 10.63 21.401 21.84 31.145 34.655 19.723 18.788 20.224 46.519 19.235 23.022 26.476 29.732 46.53 9.055 20.616 9.487 9.487 19.647 19.647 46.271 46.271 29.155 29.155 53.141 53.141 14.866 14.866 23.022 23.022 49.497 49.497 44.147 44.147 34.886 34.886 48.826 48.826 34.986 34.986 35 35 25.06 25.06 56.939 56.939 25 25
49.092 31.145 17.205 0 41.231 45.695 45.651 26.249 29.547 48 36.069 19.235 33.061 13.601 21.378 37.336 33.734 16.125 11.662 7.28 38.184 22.825 48.27 51.662 36.892 3.606 34.482 52.345 31.016 36.249 18.358 13.416 36.674 10.296 27.659 13.928 13.928 30.364 30.364 59.135 59.135 40.522 40.522 40.2 40.2 15 15 36.249 36.249 39.623 39.623 33.242 33.242 36.62 36.62 65.299 65.299 20.396 20.396 47.127 47.127 41.231 41.231 73.007 73.007 25.71 25.71
82.765 66.888 40.249 41.231 0 12.806 8.944 15 20.025 80.623 7 35.693 28.018 48.01 59.203 73.062 25.962 28.844 38.833 37.537 53.235 19.209 57.219 61.294 46.011 44.822 57.974 86.764 58.873 61.4 25.08 40.497 26.926 44.204 20.616 47.434 47.434 59.615 59.615 83.024 83.024 68.308 68.308 38.626 38.626 52.01 52.01 61.4 61.4 28.178 28.178 28.862 28.862 5.385 5.385 76.655 76.655 36.497 36.497 73.246 73.246 58.31 58.31 85.709 85.709 63.6 63.6
80.709 66.528 39.598 45.695 12.806 0 4.472 22.023 31.321 78.23 18.788 45.011 21.932 49.041 60.308 72.346 38.079 30.529 40 40.311 47.434 23.087 49.254 53.151 39.56 49.244 54.12 84.876 56.303 57.706 33.061 48.374 39.357 45.804 19.209 48.27 48.27 57.428 57.428 77.492 77.492 64.885 64.885 50.99 50.99 53.413 53.413 57.706 57.706 40.817 40.817 40.853 40.853 12.369 12.369 68 68 46.043 46.043 68.942 68.942 52.498 52.498 77.006 77.006 64.444 64.444
83.006 68.25 41.231 45.651 8.944 4.472 0 20.616 28.443 80.623 15.524 43.105 25 50.21 61.522 74.202 34.785 31.241 41.037 40.804 50.695 22.825 53.085 57.035 42.953 49.244 56.859 87.132 58.669 60.415 31.575 47.074 35.847 46.755 20.616 49.497 49.497 59.682 59.682 80.777 80.777 67.543 67.543 47.539 47.539 54.489 54.489 60.415 60.415 37.121 37.121 37.643 37.643 10.05 10.05 72.028 72.028 44.045 44.045 71.868 71.868 55.785 55.785 81.056 81.056 65.765 65.765
69.893 53.226 27.659 26.249 15 22.023 20.616 0 12.806 68.007 10.296 23.087 23.022 34 44.944 59.506 20.616 15.524 25.08 23.022 44.553 6 50.922 55.027 38.601 29.833 47.096 73.736 46.872 50.249 11.045 26.476 23.022 30.017 13.038 33.541 33.541 47.297 47.297 73.007 73.007 56.719 56.719 33.242 33.242 37.736 37.736 50.249 50.249 25.554 25.554 22.627 22.627 10.77 10.77 70.52 70.52 24.187 24.187 62.29 62.29 49.366 49.366 79.404 79.404 49.396 49.396
77.466 59.908 37.054 29.547 20.025 31.321 28.443 12.806 0 75.954 13.038 17 35.805 40.792 50.596 66.219 7.81 25.318 33.061 29.428 56.045 17.889 63.159 67.231 50.695 32.65 57.219 81.025 56.009 60.075 11.402 23.431 10.296 36.674 25.807 40.608 40.608 56.08 56.08 83.295 83.295 66.008 66.008 20.616 20.616 43.681 43.681 60.075 60.075 13 13 10 10 18.974 18.974 82.638 82.638 17.464 17.464 72.028 72.028 60.638 60.638 91.417 91.417 55.027 55.027
3.162 17.263 40.497 48 80.623 78.23 80.623 68.007 75.954 0 78.109 67.067 56.613 35.228 27.295 12.083 81.302 52.498 43.174 46.53 34.205 62.298 40.719 40.162 41.773 46.098 24.759 7.211 21.954 21.213 64.63 60.299 84.291 39.319 60.374 35.355 35.355 21.024 21.024 20.616 20.616 14.213 14.213 88.091 88.091 33 33 21.213 21.213 87.281 87.281 81.099 81.099 75.24 75.24 42.048 42.048 68.118 68.118 14.318 14.318 30.529 30.529 44.385 44.385 23.77 23.77
80.056 63.506 37.643 36.069 7 18.788 15.524 10.296 13.038 78.109 0 28.862 29.12 44.294 55.227 69.778 19.313 25.632 35.341 33.287 53.038 15.811 58.249 62.37 46.39 39.598 56.569 83.934 56.754 59.841 18.868 34.015 20.591 40.311 20.1 43.829 43.829 57.28 57.28 82.219 82.219 66.491 66.491 32.202 32.202 48.021 48.021 59.841 59.841 22.204 22.204 22.136 22.136 7.071 7.071 77.878 77.878 29.614 29.614 71.847 71.847 58.009 58.009 86.885 86.885 59.682 59.682
68 50 33.615 19.235 35.693 45.011 43.105 23.087 17 67.067 28.862 0 41.677 32.757 40.012 56.036 17.205 25.495 28.178 23.259 54.918 24.352 64.031 67.801 51.74 21 52.924 71.063 50 55.027 12.369 7.616 19.723 29.12 32.696 32.985 32.985 49.477 49.477 78.16 78.16 59.666 59.666 21.024 21.024 34.132 34.132 55.027 55.027 22.361 22.361 15.652 15.652 33.061 33.061 82.377 82.377 1.414 1.414 66.219 66.219 58.669 58.669 90.554 90.554 44.102 44.102
59.203 46.228 20.616 33.061 28.018 21.932 25 23.022 35.805 56.613 29.12 41.677 0 31.016 41.593 51.662 43.6 17.464 23.345 26 25.71 18.385 29.275 33.377 18.111 36 32.249 63.411 34.828 35.847 30 41.437 46.043 28.862 10 30.083 30.083 36.125 36.125 55.785 55.785 43.046 43.046 55.973 55.973 35.468 35.468 35.847 35.847 48.549 48.549 45.453 45.453 23.195 23.195 48.836 48.836 43.046 43.046 47.011 47.011 30.806 30.806 57.871 57.871 45.277 45.277
36.674 19.313 10.44 13.601 48.01 49.041 50.21 34 40.792 35.228 44.294 32.757 31.016 0 11.314 25.632 46.098 19.209 9.22 11.402 26.926 28.844 37.59 40.497 27.893 13.038 21.401 40.262 17.464 22.825 29.428 26.926 49.092 4.123 29.833 1 1 16.763 16.763 45.541 45.541 26.926 26.926 53.6 53.6 4.472 4.472 22.825 22.825 52.086 52.086 46 46 42.802 42.802 53.038 53.038 33.956 33.956 33.526 33.526 29.069 29.069 60.308 60.308 15.62 15.62
28.018 10.05 21.095 21.378 59.203 60.308 61.522 44.944 50.596 27.295 55.227 40.012 41.593 11.314 0 16.031 55.109 30.48 20.518 21.954 31.575 40 42.202 44.272 35.014 19.026 22.847 31.064 17 22.472 39.217 33.061 58.052 15 41.11 12.042 12.042 15.264 15.264 41.881 41.881 23.431 23.431 61 61 7.211 7.211 22.472 22.472 61 61 54.589 54.589 54.037 54.037 54.378 54.378 41 41 30 30 31.953 31.953 60.44 60.44 4.472 4.472
12.166 6.325 33.015 37.336 73.062 72.346 74.202 59.506 66.219 12.083 69.778 56.036 51.662 25.632 16.031 0 71.021 44.294 34.438 37 33.526 54.12 42.426 43.046 39.812 35.057 23.087 15.033 17.889 20.396 54.818 49.01 73.98 29.732 53.6 26 26 16.125 16.125 30.61 30.61 16.125 16.125 77.006 77.006 22.561 22.561 20.396 20.396 76.942 76.942 70.576 70.576 67.742 67.742 48.765 48.765 57.009 57.009 20.616 20.616 31.401 31.401 52.802 52.802 12.042 12.042
82.608 64.777 43.566 33.734 25.962 38.079 34.785 20.616 7.81 81.302 19.313 17.205 43.6 46.098 55.109 71.021 0 32.28 39.115 35 63.246 25.554 70.682 74.733 58.181 36.401 63.789 85.988 62.129 66.483 17.117 24.698 3 42.048 33.601 46.043 46.043 62.032 62.032 89.805 89.805 72.111 72.111 13.038 13.038 48.508 48.508 66.483 66.483 6 6 3 3 25.942 25.942 90.078 90.078 17.029 17.029 78.313 78.313 67.72 67.72 98.793 98.793 59.439 59.439
54.424 38.079 12.166 16.125 28.844 30.529 31.241 15.524 25.318 52.498 25.632 25.495 17.464 19.209 30.48 44.294 32.28 0 10 9.849 31.016 9.849 39.115 43.046 26.627 19.416 32.016 58.31 31.401 35.014 15.652 24.166 35.171 15.556 11.705 18.601 18.601 31.78 31.78 58.078 58.078 41.304 41.304 42.942 42.942 23.345 23.345 35.014 35.014 38.079 38.079 33.242 33.242 23.601 23.601 58.138 58.138 26.907 26.907 47.043 47.043 35.44 35.44 66.708 66.708 34.828 34.828
44.922 28.178 5.657 11.662 38.833 40 41.037 25.08 33.061 43.174 35.341 28.178 23.345 9.22 20.518 34.438 39.115 10 0 5 27.019 19.723 36.797 40.311 25.239 13.601 25 48.703 23.022 27.459 22.023 24.083 42.107 5.831 20.809 8.602 8.602 23.022 23.022 50.804 50.804 33.015 33.015 48.083 48.083 13.454 13.454 27.459 27.459 45.1 45.1 39.459 39.459 33.601 33.601 54.406 54.406 29.53 29.53 39.205 39.205 30.529 30.529 62.434 62.434 24.839 24.839
48.052 30.676 10.63 7.28 37.537 40.311 40.804 23.022 29.428 46.53 33.287 23.259 26 11.402 21.954 37 35 9.849 5 0 32.016 18.385 41.725 45.277 30 10 29.732 51.662 27.295 32.016 18.111 19.105 38 7.28 21.541 11.18 11.18 27.074 27.074 55.317 55.317 37.216 37.216 43.417 43.417 14.765 14.765 32.016 32.016 41 41 35.128 35.128 32.527 32.527 59.405 59.405 24.597 24.597 43.566 43.566 35.511 35.511 67.417 67.417 26.42 26.42
37.202 30.265 21.401 38.184 53.235 47.434 50.695 44.553 56.045 34.205 53.038 54.918 25.71 26.926 31.575 33.526 63.246 31.016 27.019 32.016 0 38.639 10.77 13.601 8.062 39.051 10.44 41.4 16.125 13.416 46.615 51.088 66.098 28.425 33 26.077 26.077 18.111 18.111 30.083 30.083 20 20 73.824 73.824 29.547 29.547 13.416 13.416 68.964 68.964 64.257 64.257 48.094 48.094 27.459 27.459 56.303 56.303 22.204 22.204 5.099 5.099 35.777 35.777 33.061 33.061
64.257 47.885 21.84 22.825 19.209 23.087 22.825 6 17.889 62.298 15.811 24.352 18.385 28.844 40 54.12 25.554 9.849 19.723 18.385 38.639 0 45.31 49.396 32.894 26.42 41.11 68.154 41 44.283 12.083 26.019 28.178 25 8.602 28.302 28.302 41.485 41.485 67.007 67.007 50.804 50.804 37.643 37.643 32.802 32.802 44.283 44.283 30.871 30.871 27.203 27.203 14.142 14.142 64.846 64.846 25.632 25.632 56.321 56.321 43.417 43.417 73.682 73.682 44.407 44.407
43.863 40 31.145 48.27 57.219 49.254 53.085 50.922 63.159 40.719 58.249 64.031 29.275 37.59 42.202 42.426 70.682 39.115 36.797 41.725 10.77 45.31 0 4.123 12.53 49.406 20.025 47.854 26.077 22.091 54.708 60.811 73.41 38.833 38.328 36.715 36.715 28.071 28.071 30.806 30.806 27.203 27.203 81.988 81.988 40.311 40.311 22.091 22.091 76.158 76.158 72.007 72.007 52.469 52.469 19.647 19.647 65.437 65.437 26.926 26.926 11.045 11.045 28.636 28.636 43.417 43.417
43.324 41.195 34.655 51.662 61.294 53.151 57.035 55.027 67.231 40.162 62.37 67.801 33.377 40.497 44.272 43.046 74.733 43.046 40.311 45.277 13.601 49.396 4.123 0 16.553 52.631 21.587 47.17 27.659 23.087 58.669 64.382 77.473 42.012 42.45 39.661 39.661 29.614 29.614 28.32 28.32 27.295 27.295 85.959 85.959 42.942 42.942 23.087 23.087 80.231 80.231 76.026 76.026 56.569 56.569 15.524 15.524 69.203 69.203 26 26 12.369 12.369 24.515 24.515 45.122 45.122
44.688 35.735 19.723 36.892 46.011 39.56 42.953 38.601 50.695 41.773 46.39 51.74 18.111 27.893 35.014 39.812 58.181 26.627 25.239 30 8.062 32.894 12.53 16.553 0 38.471 17.205 48.918 21.932 20.616 42.19 48.918 60.926 28.231 26.306 26.926 26.926 23.77 23.77 37.947 37.947 27.586 27.586 69.462 69.462 31.401 31.401 20.616 20.616 63.695 63.695 59.481 59.481 41.012 41.012 31.953 31.953 53.151 53.151 30.232 30.232 13 13 40.804 40.804 37.336 37.336
47 29 18.788 3.606 44.822 49.244 49.244 29.833 32.65 46.098 39.598 21 36 13.038 19.026 35.057 36.401 19.416 13.601 10 39.051 26.42 49.406 52.631 38.471 0 34.409 50.09 30.414 35.847 21.633 14.318 39.294 10.63 31.048 13.601 13.601 29.547 29.547 58.31 58.31 39.56 39.56 42.012 42.012 13.342 13.342 35.847 35.847 42.202 42.202 35.693 35.693 40.224 40.224 65.795 65.795 22.023 22.023 46.239 46.239 41.725 41.725 73.246 73.246 23.195 23.195
27.586 20.025 20.224 34.482 57.974 54.12 56.859 47.096 57.219 24.759 56.569 52.924 32.249 21.401 22.847 23.087 63.789 32.016 25 29.732 10.44 41.11 20.025 21.587 17.205 34.409 0 31.828 6.083 3.606 46.69 47.885 66.753 24.187 37.363 20.809 20.809 8.062 8.062 26.077 26.077 10.817 10.817 73.082 73.082 22.672 22.672 3.606 3.606 69.721 69.721 64.327 64.327 52.631 52.631 32.016 32.016 54.231 54.231 15.297 15.297 9.22 9.22 38.949 38.949 23.537 23.537
4.243 21.213 46.519 52.345 86.764 84.876 87.132 73.736 81.025 7.211 83.934 71.063 63.411 40.262 31.064 15.033 85.988 58.31 48.703 51.662 41.4 68.154 47.854 47.17 48.918 50.09 31.828 0 28.601 28.32 69.635 64 88.955 44.385 66.731 40.522 40.522 27.459 27.459 25.318 25.318 21.401 21.401 92.022 92.022 37.483 37.483 28.32 28.32 91.924 91.924 85.586 85.586 81.394 81.394 48.042 48.042 72.028 72.028 21.19 21.19 37.736 37.736 49.497 49.497 27 27
24.413 14.142 19.235 31.016 58.873 56.303 58.669 46.872 56.009 21.954 56.754 50 34.828 17.464 17 17.889 62.129 31.401 23.022 27.295 16.125 41 26.077 27.659 21.932 30.414 6.083 28.601 0 5.657 45.044 44.385 65.123 20.881 38.484 17.088 17.088 2 2 28.16 28.16 10 10 70.612 70.612 17.804 17.804 5.657 5.657 68.118 68.118 62.394 62.394 53.488 53.488 37.443 37.443 51.245 51.245 16.279 16.279 15.297 15.297 43.863 43.863 17.464 17.464
24.083 18.111 23.022 36.249 61.4 57.706 60.415 50.249 60.075 21.213 59.841 55.027 35.847 22.825 22.472 20.396 66.483 35.014 27.459 32.016 13.416 44.283 22.091 23.087 20.616 35.847 3.606 28.32 5.657 0 49.366 49.659 69.462 26 40.804 22.361 22.361 7.211 7.211 23.345 23.345 7.211 7.211 75.432 75.432 23.431 23.431 0 0 72.443 72.443 66.91 66.91 56.045 56.045 31.906 31.906 56.303 56.303 12.042 12.042 11.045 11.045 38.21 38.21 22.472 22.472
66.098 48.508 26.476 18.358 25.08 33.061 31.575 11.045 11.402 64.63 18.868 12.369 30 29.428 39.217 54.818 17.117 15.652 22.023 18.111 46.615 12.083 54.708 58.669 42.19 21.633 46.69 69.635 45.044 49.366 0 15.524 20.1 25.318 20.591 29.275 29.275 45 45 72.691 72.691 55.036 55.036 27.295 27.295 32.28 32.28 49.366 49.366 23.087 23.087 17.72 17.72 21.587 21.587 73.79 73.79 13.601 13.601 61.205 61.205 50.922 50.922 82.347 82.347 43.658 43.658
61.074 43.105 29.732 13.416 40.497 48.374 47.074 26.476 23.431 60.299 34.015 7.616 41.437 26.926 33.061 49.01 24.698 24.166 24.083 19.105 51.088 26.019 60.811 64.382 48.918 14.318 47.885 64 44.385 49.659 15.524 0 27.295 23.707 33.541 27.313 27.313 43.658 43.658 72.45 72.45 53.759 53.759 28.071 28.071 27.659 27.659 49.659 49.659 29.967 29.967 23.259 23.259 37.108 37.108 78.409 78.409 8.246 8.246 60.407 60.407 54.406 54.406 86.267 86.267 37 37
85.586 67.742 46.53 36.674 26.926 39.357 35.847 23.022 10.296 84.291 20.591 19.723 46.043 49.092 58.052 73.98 3 35.171 42.107 38 66.098 28.178 73.41 77.473 60.926 39.294 66.753 88.955 65.123 69.462 20.1 27.295 0 45.044 36.056 49.041 49.041 65.031 65.031 92.779 92.779 75.107 75.107 11.705 11.705 51.478 51.478 69.462 69.462 3 3 4.243 4.243 27.459 27.459 92.849 92.849 19.416 19.416 81.302 81.302 70.605 70.605 101.592 101.592 62.37 62.37
40.792 23.409 9.055 10.296 44.204 45.804 46.755 30.017 36.674 39.319 40.311 29.12 28.862 4.123 15 29.732 42.048 15.556 5.831 7.28 28.425 25 38.833 42.012 28.231 10.63 24.187 44.385 20.881 26 25.318 23.707 45.044 0 26.627 4 4 20.396 20.396 49.041 49.041 30.594 30.594 49.82 49.82 7.81 7.81 26 26 48.042 48.042 42.012 42.012 39.051 39.051 55.227 55.227 30.364 30.364 37.108 37.108 31.145 31.145 62.801 62.801 19.416 19.416
62.65 47.634 20.616 27.659 20.616 19.209 20.616 13.038 25.807 60.374 20.1 32.696 10 29.833 41.11 53.6 33.601 11.705 20.809 21.541 33 8.602 38.328 42.45 26.306 31.048 37.363 66.731 38.484 40.804 20.591 33.541 36.056 26.627 0 29.069 29.069 39.357 39.357 62.514 62.514 47.76 47.76 46.011 46.011 34.205 34.205 40.804 40.804 38.588 38.588 35.468 35.468 15.297 15.297 57.974 57.974 34.015 34.015 52.631 52.631 38.013 38.013 66.94 66.94 45.277 45.277
36.878 19.698 9.487 13.928 47.434 48.27 49.497 33.541 40.608 35.355 43.829 32.985 30.083 1 12.042 26 46.043 18.601 8.602 11.18 26.077 28.302 36.715 39.661 26.926 13.601 20.809 40.522 17.088 22.361 29.275 27.313 49.041 4 29.069 0 0 16.492 16.492 45.222 45.222 26.683 26.683 53.759 53.759 5.385 5.385 22.361 22.361 52.038 52.038 46.011 46.011 42.202 42.202 52.326 52.326 34.205 34.205 33.242 33.242 28.32 28.32 59.666 59.666 16.279 16.279
36.878 19.698 9.487 13.928 47.434 48.27 49.497 33.541 40.608 35.355 43.829 32.985 30.083 1 12.042 26 46.043 18.601 8.602 11.18 26.077 28.302 36.715 39.661 26.926 13.601 20.809 40.522 17.088 22.361 29.275 27.313 49.041 4 29.069 0 0 16.492 16.492 45.222 45.222 26.683 26.683 53.759 53.759 5.385 5.385 22.361 22.361 52.038 52.038 46.011 46.011 42.202 42.202 52.326 52.326 34.205 34.205 33.242 33.242 28.32 28.32 59.666 59.666 16.279 16.279
23.324 12.166 19.647 30.364 59.615 57.428 59.682 47.297 56.08 21.024 57.28 49.477 36.125 16.763 15.264 16.125 62.032 31.78 23.022 27.074 18.111 41.485 28.071 29.614 23.77 29.547 8.062 27.459 2 7.211 45 43.658 65.031 20.396 39.357 16.492 16.492 0 0 28.792 28.792 10.198 10.198 70.214 70.214 16.643 16.643 7.211 7.211 68.029 68.029 62.201 62.201 54.231 54.231 39.115 39.115 50.695 50.695 16.763 16.763 17.263 17.263 45.343 45.343 15.524 15.524
23.324 12.166 19.647 30.364 59.615 57.428 59.682 47.297 56.08 21.024 57.28 49.477 36.125 16.763 15.264 16.125 62.032 31.78 23.022 27.074 18.111 41.485 28.071 29.614 23.77 29.547 8.062 27.459 2 7.211 45 43.658 65.031 20.396 39.357 16.492 16.492 0 0 28.792 28.792 10.198 10.198 70.214 70.214 16.643 16.643 7.211 7.211 68.029 68.029 62.201 62.201 54.231 54.231 39.115 39.115 50.695 50.695 16.763 16.763 17.263 17.263 45.343 45.343 15.524 15.524
23.087 33.302 46.271 59.135 83.024 77.492 80.777 73.007 83.295 20.616 82.219 78.16 55.785 45.541 41.881 30.61 89.805 58.078 50.804 55.317 30.083 67.007 30.806 28.32 37.947 58.31 26.077 25.318 28.16 23.345 72.691 72.45 92.779 49.041 62.514 45.222 45.222 28.792 28.792 0 0 18.788 18.788 98.717 98.717 45.188 45.188 23.345 23.345 95.755 95.755 90.255 90.255 77.782 77.782 23.77 23.77 79.404 79.404 12.083 12.083 25 25 24.187 24.187 39.825 39.825
23.087 33.302 46.271 59.135 83.024 77.492 80.777 73.007 83.295 20.616 82.219 78.16 55.785 45.541 41.881 30.61 89.805 58.078 50.804 55.317 30.083 67.007 30.806 28.32 37.947 58.31 26.077 25.318 28.16 23.345 72.691 72.45 92.779 49.041 62.514 45.222 45.222 28.792 28.792 0 0 18.788 18.788 98.717 98.717 45.188 45.188 23.345 23.345 95.755 95.755 90.255 90.255 77.782 77.782 23.77 23.77 79.404 79.404 12.083 12.083 25 25 24.187 24.187 39.825 39.825
17.205 16.125 29.155 40.522 68.308 64.885 67.543 56.719 66.008 14.213 66.491 59.666 43.046 26.926 23.431 16.125 72.111 41.304 33.015 37.216 20 50.804 27.203 27.295 27.586 39.56 10.817 21.401 10 7.211 55.036 53.759 75.107 30.594 47.76 26.683 26.683 10.198 10.198 18.788 18.788 0 0 80.411 80.411 26.401 26.401 7.211 7.211 78.102 78.102 72.339 72.339 62.936 62.936 32.894 32.894 60.877 60.877 6.708 6.708 16.553 16.553 37.736 37.736 22.023 22.023
17.205 16.125 29.155 40.522 68.308 64.885 67.543 56.719 66.008 14.213 66.491 59.666 43.046 26.926 23.431 16.125 72.111 41.304 33.015 37.216 20 50.804 27.203 27.295 27.586 39.56 10.817 21.401 10 7.211 55.036 53.759 75.107 30.594 47.76 26.683 26.683 10.198 10.198 18.788 18.788 0 0 80.411 80.411 26.401 26.401 7.211 7.211 78.102 78.102 72.339 72.339 62.936 62.936 32.894 32.894 60.877 60.877 6.708 6.708 16.553 16.553 37.736 37.736 22.023 22.023
89.006 71.007 53.141 40.2 38.626 50.99 47.539 33.242 20.616 88.091 32.202 21.024 55.973 53.6 61 77.006 13.038 42.942 48.083 43.417 73.824 37.643 81.988 85.959 69.462 42.012 73.082 92.022 70.612 75.432 27.295 28.071 11.705 49.82 46.011 53.759 53.759 70.214 70.214 98.717 98.717 80.411 80.411 0 0 55.145 55.145 75.432 75.432 11.045 11.045 10.63 10.63 38.949 38.949 101.074 101.074 20 20 86.885 86.885 78 78 109.59 109.59 65.031 65.031
89.006 71.007 53.141 40.2 38.626 50.99 47.539 33.242 20.616 88.091 32.202 21.024 55.973 53.6 61 77.006 13.038 42.942 48.083 43.417 73.824 37.643 81.988 85.959 69.462 42.012 73.082 92.022 70.612 75.432 27.295 28.071 11.705 49.82 46.011 53.759 53.759 70.214 70.214 98.717 98.717 80.411 80.411 0 0 55.145 55.145 75.432 75.432 11.045 11.045 10.63 10.63 38.949 38.949 101.074 101.074 20 20 86.885 86.885 78 78 109.59 109.59 65.031 65.031
34.132 16.279 14.866 15 52.01 53.413 54.489 37.736 43.681 33 48.021 34.132 35.468 4.472 7.211 22.561 48.508 23.345 13.454 14.765 29.547 32.802 40.311 42.942 31.401 13.342 22.672 37.483 17.804 23.431 32.28 27.659 51.478 7.81 34.205 5.385 5.385 16.643 16.643 45.188 45.188 26.401 26.401 55.145 55.145 0 0 23.431 23.431 54.452 54.452 48.166 48.166 46.862 46.862 54.672 54.672 35.228 35.228 33.106 33.106 31.064 31.064 61.522 61.522 11.662 11.662
34.132 16.279 14.866 15 52.01 53.413 54.489 37.736 43.681 33 48.021 34.132 35.468 4.472 7.211 22.561 48.508 23.345 13.454 14.765 29.547 32.802 40.311 42.942 31.401 13.342 22.672 37.483 17.804 23.431 32.28 27.659 51.478 7.81 34.205 5.385 5.385 16.643 16.643 45.188 45.188 26.401 26.401 55.145 55.145 0 0 23.431 23.431 54.452 54.452 48.166 48.166 46.862 46.862 54.672 54.672 35.228 35.228 33.106 33.106 31.064 31.064 61.522 61.522 11.662 11.662
24.083 18.111 23.022 36.249 61.4 57.706 60.415 50.249 60.075 21.213 59.841 55.027 35.847 22.825 22.472 20.396 66.483 35.014 27.459 32.016 13.416 44.283 22.091 23.087 20.616 35.847 3.606 28.32 5.657 0 49.366 49.659 69.462 26 40.804 22.361 22.361 7.211 7.211 23.345 23.345 7.211 7.211 75.432 75.432 23.431 23.431 0 0 72.443 72.443 66.91 66.91 56.045 56.045 31.906 31.906 56.303 56.303 12.042 12.042 11.045 11.045 38.21 38.21 22.472 22.472
24.083 18.111 23.022 36.249 61.4 57.706 60.415 50.249 60.075 21.213 59.841 55.027 35.847 22.825 22.472 20.396 66.483 35.014 27.459 32.016 13.416 44.283 22.091 23.087 20.616 35.847 3.606 28.32 5.657 0 49.366 49.659 69.462 26 40.804 22.361 22.361 7.211 7.211 23.345 23.345 7.211 7.211 75.432 75.432 23.431 23.431 0 0 72.443 72.443 66.91 66.91 56.045 56.045 31.906 31.906 56.303 56.303 12.042 12.042 11.045 11.045 38.21 38.21 22.472 22.472
88.566 70.711 49.497 39.623 28.178 40.817 37.121 25.554 13 87.281 22.204 22.361 48.549 52.086 61 76.942 6 38.079 45.1 41 68.964 30.871 76.158 80.231 63.695 42.202 69.721 91.924 68.118 72.443 23.087 29.967 3 48.042 38.588 52.038 52.038 68.029 68.029 95.755 95.755 78.102 78.102 11.045 11.045 54.452 54.452 72.443 72.443 0 0 6.708 6.708 29.206 29.206 95.635 95.635 21.954 21.954 84.291 84.291 73.498 73.498 104.403 104.403 65.307 65.307
88.566 70.711 49.497 39.623 28.178 40.817 37.121 25.554 13 87.281 22.204 22.361 48.549 52.086 61 76.942 6 38.079 45.1 41 68.964 30.871 76.158 80.231 63.695 42.202 69.721 91.924 68.118 72.443 23.087 29.967 3 48.042 38.588 52.038 52.038 68.029 68.029 95.755 95.755 78.102 78.102 11.045 11.045 54.452 54.452 72.443 72.443 0 0 6.708 6.708 29.206 29.206 95.635 95.635 21.954 21.954 84.291 84.291 73.498 73.498 104.403 104.403 65.307 65.307
82.298 64.382 44.147 33.242 28.862 40.853 37.643 22.627 10 81.099 22.136 15.652 45.453 46 54.589 70.576 3 33.242 39.459 35.128 64.257 27.203 72.007 76.026 59.481 35.693 64.327 85.586 62.394 66.91 17.72 23.259 4.243 42.012 35.468 46.011 46.011 62.201 62.201 90.255 90.255 72.339 72.339 10.63 10.63 48.166 48.166 66.91 66.91 6.708 6.708 0 0 28.636 28.636 91.285 91.285 15.264 15.264 78.638 78.638 68.622 68.622 99.925 99.925 58.856 58.856
82.298 64.382 44.147 33.242 28.862 40.853 37.643 22.627 10 81.099 22.136 15.652 45.453 46 54.589 70.576 3 33.242 39.459 35.128 64.257 27.203 72.007 76.026 59.481 35.693 64.327 85.586 62.394 66.91 17.72 23.259 4.243 42.012 35.468 46.011 46.011 62.201 62.201 90.255 90.255 72.339 72.339 10.63 10.63 48.166 48.166 66.91 66.91 6.708 6.708 0 0 28.636 28.636 91.285 91.285 15.264 15.264 78.638 78.638 68.622 68.622 99.925 99.925 58.856 58.856
77.389 61.587 34.886 36.62 5.385 12.369 10.05 10.77 18.974 75.24 7.071 33.061 23.195 42.802 54.037 67.742 25.942 23.601 33.601 32.527 48.094 14.142 52.469 56.569 41.012 40.224 52.631 81.394 53.488 56.045 21.587 37.108 27.459 39.051 15.297 42.202 42.202 54.231 54.231 77.782 77.782 62.936 62.936 38.949 38.949 46.862 46.862 56.045 56.045 29.206 29.206 28.636 28.636 0 0 72.007 72.007 34.015 34.015 67.912 67.912 53.151 53.151 81.049 81.049 58.412 58.412
77.389 61.587 34.886 36.62 5.385 12.369 10.05 10.77 18.974 75.24 7.071 33.061 23.195 42.802 54.037 67.742 25.942 23.601 33.601 32.527 48.094 14.142 52.469 56.569 41.012 40.224 52.631 81.394 53.488 56.045 21.587 37.108 27.459 39.051 15.297 42.202 42.202 54.231 54.231 77.782 77.782 62.936 62.936 38.949 38.949 46.862 46.862 56.045 56.045 29.206 29.206 28.636 28.636 0 0 72.007 72.007 34.015 34.015 67.912 67.912 53.151 53.151 81.049 81.049 58.412 58.412
45.011 48.847 48.826 65.299 76.655 68 72.028 70.52 82.638 42.048 77.878 82.377 48.836 53.038 54.378 48.765 90.078 58.138 54.406 59.405 27.459 64.846 19.647 15.524 31.953 65.795 32.016 48.042 37.443 31.906 73.79 78.409 92.849 55.227 57.974 52.326 52.326 39.115 39.115 23.77 23.77 32.894 32.894 101.074 101.074 54.672 54.672 31.906 31.906 95.635 95.635 91.285 91.285 72.007 72.007 0 0 83.762 83.762 28.443 28.443 24.083 24.083 9.055 9.055 54.12 54.12
45.011 48.847 48.826 65.299 76.655 68 72.028 70.52 82.638 42.048 77.878 82.377 48.836 53.038 54.378 48.765 90.078 58.138 54.406 59.405 27.459 64.846 19.647 15.524 31.953 65.795 32.016 48.042 37.443 31.906 73.79 78.409 92.849 55.227 57.974 52.326 52.326 39.115 39.115 23.77 23.77 32.894 32.894 101.074 101.074 54.672 54.672 31.906 31.906 95.635 95.635 91.285 91.285 72.007 72.007 0 0 83.762 83.762 28.443 28.443 24.083 24.083 9.055 9.055 54.12 54.12
69.007 51.01 34.986 20.396 36.497 46.043 44.045 24.187 17.464 68.118 29.614 1.414 43.046 33.956 41 57.009 17.029 26.907 29.53 24.597 56.303 25.632 65.437 69.203 53.151 22.023 54.231 72.028 51.245 56.303 13.601 8.246 19.416 30.364 34.015 34.205 34.205 50.695 50.695 79.404 79.404 60.877 60.877 20 20 35.228 35.228 56.303 56.303 21.954 21.954 15.264 15.264 34.015 34.015 83.762 83.762 0 0 67.446 67.446 60.033 60.033 91.924 91.924 45.044 45.044
69.007 51.01 34.986 20.396 36.497 46.043 44.045 24.187 17.464 68.118 29.614 1.414 43.046 33.956 41 57.009 17.029 26.907 29.53 24.597 56.303 25.632 65.437 69.203 53.151 22.023 54.231 72.028 51.245 56.303 13.601 8.246 19.416 30.364 34.015 34.205 34.205 50.695 50.695 79.404 79.404 60.877 60.877 20 20 35.228 35.228 56.303 56.303 21.954 21.954 15.264 15.264 34.015 34.015 83.762 83.762 0 0 67.446 67.446 60.033 60.033 91.924 91.924 45.044 45.044
17.464 22.023 35 47.127 73.246 68.942 71.868 62.29 72.028 14.318 71.847 66.219 47.011 33.526 30 20.616 78.313 47.043 39.205 43.566 22.204 56.321 26.926 26 30.232 46.239 15.297 21.19 16.279 12.042 61.205 60.407 81.302 37.108 52.631 33.242 33.242 16.763 16.763 12.083 12.083 6.708 6.708 86.885 86.885 33.106 33.106 12.042 12.042 84.291 84.291 78.638 78.638 67.912 67.912 28.443 28.443 67.446 67.446 0 0 17.692 17.692 32.202 32.202 28.284 28.284
17.464 22.023 35 47.127 73.246 68.942 71.868 62.29 72.028 14.318 71.847 66.219 47.011 33.526 30 20.616 78.313 47.043 39.205 43.566 22.204 56.321 26.926 26 30.232 46.239 15.297 21.19 16.279 12.042 61.205 60.407 81.302 37.108 52.631 33.242 33.242 16.763 16.763 12.083 12.083 6.708 6.708 86.885 86.885 33.106 33.106 12.042 12.042 84.291 84.291 78.638 78.638 67.912 67.912 28.443 28.443 67.446 67.446 0 0 17.692 17.692 32.202 32.202 28.284 28.284
33.615 29.017 25.06 41.231 58.31 52.498 55.785 49.366 60.638 30.529 58.009 58.669 30.806 29.069 31.953 31.401 67.72 35.44 30.529 35.511 5.099 43.417 11.045 12.369 13 41.725 9.22 37.736 15.297 11.045 50.922 54.406 70.605 31.145 38.013 28.32 28.32 17.263 17.263 25 25 16.553 16.553 78 78 31.064 31.064 11.045 11.045 73.498 73.498 68.622 68.622 53.151 53.151 24.083 24.083 60.033 60.033 17.692 17.692 0 0 31.906 31.906 32.757 32.757
33.615 29.017 25.06 41.231 58.31 52.498 55.785 49.366 60.638 30.529 58.009 58.669 30.806 29.069 31.953 31.401 67.72 35.44 30.529 35.511 5.099 43.417 11.045 12.369 13 41.725 9.22 37.736 15.297 11.045 50.922 54.406 70.605 31.145 38.013 28.32 28.32 17.263 17.263 25 25 16.553 16.553 78 78 31.064 31.064 11.045 11.045 73.498 73.498 68.622 68.622 53.151 53.151 24.083 24.083 60.033 60.033 17.692 17.692 0 0 31.906 31.906 32.757 32.757
47.074 53.852 56.939 73.007 85.709 77.006 81.056 79.404 91.417 44.385 86.885 90.554 57.871 60.308 60.44 52.802 98.793 66.708 62.434 67.417 35.777 73.682 28.636 24.515 40.804 73.246 38.949 49.497 43.863 38.21 82.347 86.267 101.592 62.801 66.94 59.666 59.666 45.343 45.343 24.187 24.187 37.736 37.736 109.59 109.59 61.522 61.522 38.21 38.21 104.403 104.403 99.925 99.925 81.049 81.049 9.055 9.055 91.924 91.924 32.202 32.202 31.906 31.906 0 0 59.641 59.641
47.074 53.852 56.939 73.007 85.709 77.006 81.056 79.404 91.417 44.385 86.885 90.554 57.871 60.308 60.44 52.802 98.793 66.708 62.434 67.417 35.777 73.682 28.636 24.515 40.804 73.246 38.949 49.497 43.863 38.21 82.347 86.267 101.592 62.801 66.94 59.666 59.666 45.343 45.343 24.187 24.187 37.736 37.736 109.59 109.59 61.522 61.522 38.21 38.21 104.403 104.403 99.925 99.925 81.049 81.049 9.055 9.055 91.924 91.924 32.202 32.202 31.906 31.906 0 0 59.641 59.641
24.187 6.708 25 25.71 63.6 64.444 65.765 49.396 55.027 23.77 59.682 44.102 45.277 15.62 4.472 12.042 59.439 34.828 24.839 26.42 33.061 44.407 43.417 45.122 37.336 23.195 23.537 27 17.464 22.472 43.658 37 62.37 19.416 45.277 16.279 16.279 15.524 15.524 39.825 39.825 22.023 22.023 65.031 65.031 11.662 11.662 22.472 22.472 65.307 65.307 58.856 58.856 58.412 58.412 54.12 54.12 45.044 45.044 28.284 28.284 32.757 32.757 59.641 59.641 0 0
24.187 6.708 25 25.71 63.6 64.444 65.765 49.396 55.027 23.77 59.682 44.102 45.277 15.62 4.472 12.042 59.439 34.828 24.839 26.42 33.061 44.407 43.417 45.122 37.336 23.195 23.537 27 17.464 22.472 43.658 37 62.37 19.416 45.277 16.279 16.279 15.524 15.524 39.825 39.825 22.023 22.023 65.031 65.031 11.662 11.662 22.472 22.472 65.307 65.307 58.856 58.856 58.412 58.412 54.12 54.12 45.044 45.044 28.284 28.284 32.757 32.757 59.641 59.641 0 0

# e_i and l_i: first and last entries denote the depot time-window.
e_i = 0 134 140 450 181 408 162 69 244 19 121 465 322 197 334 21 166 336 297 286 19 271 132 25 155 358 73 77 59 266 473 398 275 42 168 32 57 441 294 393 67 217 89 272 34 230 262 248 335 124 14 0
l_i = 1718.59 254 260 570 301 528 282 189 364 139 241 585 442 317 454 141 286 456 417 406 139 391 252 145 275 478 193 197 179 386 593 518 395 162 288 152 177 561 414 513 187 337 209 392 154 350 382 368 455 244 134 1718.59

# p_i^{k,s}: first and last entries for i denote the depot.
p_i^{k,s} =
i=0
k=1: 0 0 0 0 0 0
k=2: 0 0 0 0 0 0
k=3: 0 0 0 0 0 0
k=4: 0 0 0 0 0 0
k=5: 0 0 0 0 0 0
k=6: 0 0 0 0 0 0
k=7: 0 0 0 0 0 0
k=8: 0 0 0 0 0 0
k=9: 0 0 0 0 0 0
k=10: 0 0 0 0 0 0
i=1
k=1: 0 0 16 0 0 0
k=2: 0 0 16 0 0 0
k=3: 0 0 16 0 0 0
k=4: 0 0 16 0 0 0
k=5: 0 0 16 0 0 0
k=6: 0 0 16 0 0 0
k=7: 0 0 16 0 0 0
k=8: 0 0 16 0 0 0
k=9: 0 0 16 0 0 0
k=10: 0 0 16 0 0 0
i=2
k=1: 0 0 16 0 0 0
k=2: 0 0 16 0 0 0
k=3: 0 0 16 0 0 0
k=4: 0 0 16 0 0 0
k=5: 0 0 16 0 0 0
k=6: 0 0 16 0 0 0
k=7: 0 0 16 0 0 0
k=8: 0 0 16 0 0 0
k=9: 0 0 16 0 0 0
k=10: 0 0 16 0 0 0
i=3
k=1: 16 0 0 0 0 0
k=2: 16 0 0 0 0 0
k=3: 16 0 0 0 0 0
k=4: 16 0 0 0 0 0
k=5: 16 0 0 0 0 0
k=6: 16 0 0 0 0 0
k=7: 16 0 0 0 0 0
k=8: 16 0 0 0 0 0
k=9: 16 0 0 0 0 0
k=10: 16 0 0 0 0 0
i=4
k=1: 0 16 0 0 0 0
k=2: 0 16 0 0 0 0
k=3: 0 16 0 0 0 0
k=4: 0 16 0 0 0 0
k=5: 0 16 0 0 0 0
k=6: 0 16 0 0 0 0
k=7: 0 16 0 0 0 0
k=8: 0 16 0 0 0 0
k=9: 0 16 0 0 0 0
k=10: 0 16 0 0 0 0
i=5
k=1: 16 0 0 0 0 0
k=2: 16 0 0 0 0 0
k=3: 16 0 0 0 0 0
k=4: 16 0 0 0 0 0
k=5: 16 0 0 0 0 0
k=6: 16 0 0 0 0 0
k=7: 16 0 0 0 0 0
k=8: 16 0 0 0 0 0
k=9: 16 0 0 0 0 0
k=10: 16 0 0 0 0 0
i=6
k=1: 16 0 0 0 0 0
k=2: 16 0 0 0 0 0
k=3: 16 0 0 0 0 0
k=4: 16 0 0 0 0 0
k=5: 16 0 0 0 0 0
k=6: 16 0 0 0 0 0
k=7: 16 0 0 0 0 0
k=8: 16 0 0 0 0 0
k=9: 16 0 0 0 0 0
k=10: 16 0 0 0 0 0
i=7
k=1: 0 0 0 16 0 0
k=2: 0 0 0 16 0 0
k=3: 0 0 0 16 0 0
k=4: 0 0 0 16 0 0
k=5: 0 0 0 16 0 0
k=6: 0 0 0 16 0 0
k=7: 0 0 0 16 0 0
k=8: 0 0 0 16 0 0
k=9: 0 0 0 16 0 0
k=10: 0 0 0 16 0 0
i=8
k=1: 0 0 0 0 16 0
k=2: 0 0 0 0 16 0
k=3: 0 0 0 0 16 0
k=4: 0 0 0 0 16 0
k=5: 0 0 0 0 16 0
k=6: 0 0 0 0 16 0
k=7: 0 0 0 0 16 0
k=8: 0 0 0 0 16 0
k=9: 0 0 0 0 16 0
k=10: 0 0 0 0 16 0
i=9
k=1: 0 16 0 0 0 0
k=2: 0 16 0 0 0 0
k=3: 0 16 0 0 0 0
k=4: 0 16 0 0 0 0
k=5: 0 16 0 0 0 0
k=6: 0 16 0 0 0 0
k=7: 0 16 0 0 0 0
k=8: 0 16 0 0 0 0
k=9: 0 16 0 0 0 0
k=10: 0 16 0 0 0 0
i=10
k=1: 0 16 0 0 0 0
k=2: 0 16 0 0 0 0
k=3: 0 16 0 0 0 0
k=4: 0 16 0 0 0 0
k=5: 0 16 0 0 0 0
k=6: 0 16 0 0 0 0
k=7: 0 16 0 0 0 0
k=8: 0 16 0 0 0 0
k=9: 0 16 0 0 0 0
k=10: 0 16 0 0 0 0
i=11
k=1: 0 0 0 16 0 0
k=2: 0 0 0 16 0 0
k=3: 0 0 0 16 0 0
k=4: 0 0 0 16 0 0
k=5: 0 0 0 16 0 0
k=6: 0 0 0 16 0 0
k=7: 0 0 0 16 0 0
k=8: 0 0 0 16 0 0
k=9: 0 0 0 16 0 0
k=10: 0 0 0 16 0 0
i=12
k=1: 0 0 0 0 16 0
k=2: 0 0 0 0 16 0
k=3: 0 0 0 0 16 0
k=4: 0 0 0 0 16 0
k=5: 0 0 0 0 16 0
k=6: 0 0 0 0 16 0
k=7: 0 0 0 0 16 0
k=8: 0 0 0 0 16 0
k=9: 0 0 0 0 16 0
k=10: 0 0 0 0 16 0
i=13
k=1: 0 0 0 0 0 16
k=2: 0 0 0 0 0 16
k=3: 0 0 0 0 0 16
k=4: 0 0 0 0 0 16
k=5: 0 0 0 0 0 16
k=6: 0 0 0 0 0 16
k=7: 0 0 0 0 0 16
k=8: 0 0 0 0 0 16
k=9: 0 0 0 0 0 16
k=10: 0 0 0 0 0 16
i=14
k=1: 0 0 0 0 16 0
k=2: 0 0 0 0 16 0
k=3: 0 0 0 0 16 0
k=4: 0 0 0 0 16 0
k=5: 0 0 0 0 16 0
k=6: 0 0 0 0 16 0
k=7: 0 0 0 0 16 0
k=8: 0 0 0 0 16 0
k=9: 0 0 0 0 16 0
k=10: 0 0 0 0 16 0
i=15
k=1: 0 0 0 16 0 0
k=2: 0 0 0 16 0 0
k=3: 0 0 0 16 0 0
k=4: 0 0 0 16 0 0
k=5: 0 0 0 16 0 0
k=6: 0 0 0 16 0 0
k=7: 0 0 0 16 0 0
k=8: 0 0 0 16 0 0
k=9: 0 0 0 16 0 0
k=10: 0 0 0 16 0 0
i=16
k=1: 0 0 0 0 16 0
k=2: 0 0 0 0 16 0
k=3: 0 0 0 0 16 0
k=4: 0 0 0 0 16 0
k=5: 0 0 0 0 16 0
k=6: 0 0 0 0 16 0
k=7: 0 0 0 0 16 0
k=8: 0 0 0 0 16 0
k=9: 0 0 0 0 16 0
k=10: 0 0 0 0 16 0
i=17
k=1: 16 0 0 0 0 0
k=2: 16 0 0 0 0 0
k=3: 16 0 0 0 0 0
k=4: 16 0 0 0 0 0
k=5: 16 0 0 0 0 0
k=6: 16 0 0 0 0 0
k=7: 16 0 0 0 0 0
k=8: 16 0 0 0 0 0
k=9: 16 0 0 0 0 0
k=10: 16 0 0 0 0 0
i=18
k=1: 0 0 0 16 0 0
k=2: 0 0 0 16 0 0
k=3: 0 0 0 16 0 0
k=4: 0 0 0 16 0 0
k=5: 0 0 0 16 0 0
k=6: 0 0 0 16 0 0
k=7: 0 0 0 16 0 0
k=8: 0 0 0 16 0 0
k=9: 0 0 0 16 0 0
k=10: 0 0 0 16 0 0
i=19
k=1: 0 0 0 0 16 0
k=2: 0 0 0 0 16 0
k=3: 0 0 0 0 16 0
k=4: 0 0 0 0 16 0
k=5: 0 0 0 0 16 0
k=6: 0 0 0 0 16 0
k=7: 0 0 0 0 16 0
k=8: 0 0 0 0 16 0
k=9: 0 0 0 0 16 0
k=10: 0 0 0 0 16 0
i=20
k=1: 0 16 0 0 0 0
k=2: 0 16 0 0 0 0
k=3: 0 16 0 0 0 0
k=4: 0 16 0 0 0 0
k=5: 0 16 0 0 0 0
k=6: 0 16 0 0 0 0
k=7: 0 16 0 0 0 0
k=8: 0 16 0 0 0 0
k=9: 0 16 0 0 0 0
k=10: 0 16 0 0 0 0
i=21
k=1: 0 16 0 0 0 0
k=2: 0 16 0 0 0 0
k=3: 0 16 0 0 0 0
k=4: 0 16 0 0 0 0
k=5: 0 16 0 0 0 0
k=6: 0 16 0 0 0 0
k=7: 0 16 0 0 0 0
k=8: 0 16 0 0 0 0
k=9: 0 16 0 0 0 0
k=10: 0 16 0 0 0 0
i=22
k=1: 16 0 0 0 0 0
k=2: 16 0 0 0 0 0
k=3: 16 0 0 0 0 0
k=4: 16 0 0 0 0 0
k=5: 16 0 0 0 0 0
k=6: 16 0 0 0 0 0
k=7: 16 0 0 0 0 0
k=8: 16 0 0 0 0 0
k=9: 16 0 0 0 0 0
k=10: 16 0 0 0 0 0
i=23
k=1: 0 16 0 0 0 0
k=2: 0 16 0 0 0 0
k=3: 0 16 0 0 0 0
k=4: 0 16 0 0 0 0
k=5: 0 16 0 0 0 0
k=6: 0 16 0 0 0 0
k=7: 0 16 0 0 0 0
k=8: 0 16 0 0 0 0
k=9: 0 16 0 0 0 0
k=10: 0 16 0 0 0 0
i=24
k=1: 0 0 0 0 0 16
k=2: 0 0 0 0 0 16
k=3: 0 0 0 0 0 16
k=4: 0 0 0 0 0 16
k=5: 0 0 0 0 0 16
k=6: 0 0 0 0 0 16
k=7: 0 0 0 0 0 16
k=8: 0 0 0 0 0 16
k=9: 0 0 0 0 0 16
k=10: 0 0 0 0 0 16
i=25
k=1: 0 0 0 0 16 0
k=2: 0 0 0 0 16 0
k=3: 0 0 0 0 16 0
k=4: 0 0 0 0 16 0
k=5: 0 0 0 0 16 0
k=6: 0 0 0 0 16 0
k=7: 0 0 0 0 16 0
k=8: 0 0 0 0 16 0
k=9: 0 0 0 0 16 0
k=10: 0 0 0 0 16 0
i=26
k=1: 0 16 0 0 0 0
k=2: 0 16 0 0 0 0
k=3: 0 16 0 0 0 0
k=4: 0 16 0 0 0 0
k=5: 0 16 0 0 0 0
k=6: 0 16 0 0 0 0
k=7: 0 16 0 0 0 0
k=8: 0 16 0 0 0 0
k=9: 0 16 0 0 0 0
k=10: 0 16 0 0 0 0
i=27
k=1: 0 0 0 0 0 16
k=2: 0 0 0 0 0 16
k=3: 0 0 0 0 0 16
k=4: 0 0 0 0 0 16
k=5: 0 0 0 0 0 16
k=6: 0 0 0 0 0 16
k=7: 0 0 0 0 0 16
k=8: 0 0 0 0 0 16
k=9: 0 0 0 0 0 16
k=10: 0 0 0 0 0 16
i=28
k=1: 0 0 0 0 0 16
k=2: 0 0 0 0 0 16
k=3: 0 0 0 0 0 16
k=4: 0 0 0 0 0 16
k=5: 0 0 0 0 0 16
k=6: 0 0 0 0 0 16
k=7: 0 0 0 0 0 16
k=8: 0 0 0 0 0 16
k=9: 0 0 0 0 0 16
k=10: 0 0 0 0 0 16
i=29
k=1: 0 0 16 0 0 0
k=2: 0 0 16 0 0 0
k=3: 0 0 16 0 0 0
k=4: 0 0 16 0 0 0
k=5: 0 0 16 0 0 0
k=6: 0 0 16 0 0 0
k=7: 0 0 16 0 0 0
k=8: 0 0 16 0 0 0
k=9: 0 0 16 0 0 0
k=10: 0 0 16 0 0 0
i=30
k=1: 0 0 0 0 0 16
k=2: 0 0 0 0 0 16
k=3: 0 0 0 0 0 16
k=4: 0 0 0 0 0 16
k=5: 0 0 0 0 0 16
k=6: 0 0 0 0 0 16
k=7: 0 0 0 0 0 16
k=8: 0 0 0 0 0 16
k=9: 0 0 0 0 0 16
k=10: 0 0 0 0 0 16
i=31
k=1: 0 0 16 0 0 0
k=2: 0 0 16 0 0 0
k=3: 0 0 16 0 0 0
k=4: 0 0 16 0 0 0
k=5: 0 0 16 0 0 0
k=6: 0 0 16 0 0 0
k=7: 0 0 16 0 0 0
k=8: 0 0 16 0 0 0
k=9: 0 0 16 0 0 0
k=10: 0 0 16 0 0 0
i=32
k=1: 0 0 0 0 0 16
k=2: 0 0 0 0 0 16
k=3: 0 0 0 0 0 16
k=4: 0 0 0 0 0 16
k=5: 0 0 0 0 0 16
k=6: 0 0 0 0 0 16
k=7: 0 0 0 0 0 16
k=8: 0 0 0 0 0 16
k=9: 0 0 0 0 0 16
k=10: 0 0 0 0 0 16
i=33
k=1: 16 0 0 0 0 0
k=2: 16 0 0 0 0 0
k=3: 16 0 0 0 0 0
k=4: 16 0 0 0 0 0
k=5: 16 0 0 0 0 0
k=6: 16 0 0 0 0 0
k=7: 16 0 0 0 0 0
k=8: 16 0 0 0 0 0
k=9: 16 0 0 0 0 0
k=10: 16 0 0 0 0 0
i=34
k=1: 16 0 0 0 0 0
k=2: 16 0 0 0 0 0
k=3: 16 0 0 0 0 0
k=4: 16 0 0 0 0 0
k=5: 16 0 0 0 0 0
k=6: 16 0 0 0 0 0
k=7: 16 0 0 0 0 0
k=8: 16 0 0 0 0 0
k=9: 16 0 0 0 0 0
k=10: 16 0 0 0 0 0
i=35
k=1: 0 0 16 0 0 0
k=2: 0 0 16 0 0 0
k=3: 0 0 16 0 0 0
k=4: 0 0 16 0 0 0
k=5: 0 0 16 0 0 0
k=6: 0 0 16 0 0 0
k=7: 0 0 16 0 0 0
k=8: 0 0 16 0 0 0
k=9: 0 0 16 0 0 0
k=10: 0 0 16 0 0 0
i=36
k=1: 0 0 0 0 16 16
k=2: 0 0 0 0 16 16
k=3: 0 0 0 0 16 16
k=4: 0 0 0 0 16 16
k=5: 0 0 0 0 16 16
k=6: 0 0 0 0 16 16
k=7: 0 0 0 0 16 16
k=8: 0 0 0 0 16 16
k=9: 0 0 0 0 16 16
k=10: 0 0 0 0 16 16
i=37
k=1: 0 0 0 0 16 16
k=2: 0 0 0 0 16 16
k=3: 0 0 0 0 16 16
k=4: 0 0 0 0 16 16
k=5: 0 0 0 0 16 16
k=6: 0 0 0 0 16 16
k=7: 0 0 0 0 16 16
k=8: 0 0 0 0 16 16
k=9: 0 0 0 0 16 16
k=10: 0 0 0 0 16 16
i=38
k=1: 0 0 0 0 16 16
k=2: 0 0 0 0 16 16
k=3: 0 0 0 0 16 16
k=4: 0 0 0 0 16 16
k=5: 0 0 0 0 16 16
k=6: 0 0 0 0 16 16
k=7: 0 0 0 0 16 16
k=8: 0 0 0 0 16 16
k=9: 0 0 0 0 16 16
k=10: 0 0 0 0 16 16
i=39
k=1: 0 0 0 16 0 16
k=2: 0 0 0 16 0 16
k=3: 0 0 0 16 0 16
k=4: 0 0 0 16 0 16
k=5: 0 0 0 16 0 16
k=6: 0 0 0 16 0 16
k=7: 0 0 0 16 0 16
k=8: 0 0 0 16 0 16
k=9: 0 0 0 16 0 16
k=10: 0 0 0 16 0 16
i=40
k=1: 0 0 0 16 16 0
k=2: 0 0 0 16 16 0
k=3: 0 0 0 16 16 0
k=4: 0 0 0 16 16 0
k=5: 0 0 0 16 16 0
k=6: 0 0 0 16 16 0
k=7: 0 0 0 16 16 0
k=8: 0 0 0 16 16 0
k=9: 0 0 0 16 16 0
k=10: 0 0 0 16 16 0
i=41
k=1: 0 0 0 16 16 0
k=2: 0 0 0 16 16 0
k=3: 0 0 0 16 16 0
k=4: 0 0 0 16 16 0
k=5: 0 0 0 16 16 0
k=6: 0 0 0 16 16 0
k=7: 0 0 0 16 16 0
k=8: 0 0 0 16 16 0
k=9: 0 0 0 16 16 0
k=10: 0 0 0 16 16 0
i=42
k=1: 0 0 0 16 16 0
k=2: 0 0 0 16 16 0
k=3: 0 0 0 16 16 0
k=4: 0 0 0 16 16 0
k=5: 0 0 0 16 16 0
k=6: 0 0 0 16 16 0
k=7: 0 0 0 16 16 0
k=8: 0 0 0 16 16 0
k=9: 0 0 0 16 16 0
k=10: 0 0 0 16 16 0
i=43
k=1: 16 0 0 0 0 16
k=2: 16 0 0 0 0 16
k=3: 16 0 0 0 0 16
k=4: 16 0 0 0 0 16
k=5: 16 0 0 0 0 16
k=6: 16 0 0 0 0 16
k=7: 16 0 0 0 0 16
k=8: 16 0 0 0 0 16
k=9: 16 0 0 0 0 16
k=10: 16 0 0 0 0 16
i=44
k=1: 0 16 0 0 16 0
k=2: 0 16 0 0 16 0
k=3: 0 16 0 0 16 0
k=4: 0 16 0 0 16 0
k=5: 0 16 0 0 16 0
k=6: 0 16 0 0 16 0
k=7: 0 16 0 0 16 0
k=8: 0 16 0 0 16 0
k=9: 0 16 0 0 16 0
k=10: 0 16 0 0 16 0
i=45
k=1: 0 0 16 0 16 0
k=2: 0 0 16 0 16 0
k=3: 0 0 16 0 16 0
k=4: 0 0 16 0 16 0
k=5: 0 0 16 0 16 0
k=6: 0 0 16 0 16 0
k=7: 0 0 16 0 16 0
k=8: 0 0 16 0 16 0
k=9: 0 0 16 0 16 0
k=10: 0 0 16 0 16 0
i=46
k=1: 16 0 0 0 16 0
k=2: 16 0 0 0 16 0
k=3: 16 0 0 0 16 0
k=4: 16 0 0 0 16 0
k=5: 16 0 0 0 16 0
k=6: 16 0 0 0 16 0
k=7: 16 0 0 0 16 0
k=8: 16 0 0 0 16 0
k=9: 16 0 0 0 16 0
k=10: 16 0 0 0 16 0
i=47
k=1: 16 0 0 0 0 16
k=2: 16 0 0 0 0 16
k=3: 16 0 0 0 0 16
k=4: 16 0 0 0 0 16
k=5: 16 0 0 0 0 16
k=6: 16 0 0 0 0 16
k=7: 16 0 0 0 0 16
k=8: 16 0 0 0 0 16
k=9: 16 0 0 0 0 16
k=10: 16 0 0 0 0 16
i=48
k=1: 0 0 16 0 0 16
k=2: 0 0 16 0 0 16
k=3: 0 0 16 0 0 16
k=4: 0 0 16 0 0 16
k=5: 0 0 16 0 0 16
k=6: 0 0 16 0 0 16
k=7: 0 0 16 0 0 16
