# Instance
name = 10_50_65_15_1

# Sets and Indices
K = 1..10
P = 1..50
T = 1..65
D = {36,37,38,39,40,41,42,43,44,45,46,47,48,49,50}

# Tasks: t -> (i,s) with i in P and s in services
tasks =
1: 1 5
2: 2 1
3: 3 3
4: 4 2
5: 5 4
6: 6 1
7: 7 1
8: 8 4
9: 9 2
10: 10 1
11: 11 3
12: 12 3
13: 13 5
14: 14 1
15: 15 3
16: 16 3
17: 17 2
18: 18 4
19: 19 3
20: 20 6
21: 21 1
22: 22 4
23: 23 6
24: 24 5
25: 25 5
26: 26 1
27: 27 5
28: 28 6
29: 29 4
30: 30 5
31: 31 2
32: 32 1
33: 33 2
34: 34 3
35: 35 5
36: 36 4
37: 36 6
38: 37 5
39: 37 6
40: 38 4
41: 38 5
42: 39 4
43: 39 5
44: 40 4
45: 40 5
46: 41 5
47: 41 6
48: 42 4
49: 42 5
50: 43 2
51: 43 6
52: 44 3
53: 44 6
54: 45 2
55: 45 5
56: 46 1
57: 46 6
58: 47 3
59: 47 4
60: 48 2
61: 48 5
62: 49 3
63: 49 5
64: 50 3
65: 50 4

# Parameters
d_uv =
0 49.497 40.497 13.038 59.506 7.81 34.059 34.828 20.591 44.418 61.685 22.627 36.401 13.038 40.025 39.661 10.44 58.249 30.414 47.802 25.456 16.125 16.155 6.403 22.472 61.351 59.841 28.425 34 26.077 55.317 18.974 5.385 54.332 51.788 20.616 20.616 25 25 42.521 42.521 42.438 42.438 10.296 10.296 32.14 32.14 10.817 10.817 36.715 36.715 26.476 26.476 50.16 50.16 37.483 37.483 8.544 8.544 30.265 30.265 57.489 57.489 49.406 49.406 37.736 37.736
49.497 0 84.345 42.19 18.682 55.036 76.485 26.627 64.078 19.416 14.866 40.224 34.828 36.497 18.868 83.361 59.841 9.434 23.087 89.739 39.825 47.854 59.237 53.038 30.414 15.811 19.723 34.438 21.024 75.538 7.071 60.415 51.039 13.928 2.828 60.374 60.374 58.524 58.524 83.678 83.678 85.703 85.703 58.034 58.034 17.464 17.464 45.88 45.88 84.77 84.77 57.245 57.245 27.166 27.166 86.977 86.977 46.011 46.011 19.235 19.235 21.19 21.19 91.679 91.679 82.037 82.037
40.497 84.345 0 42.45 88.051 32.757 8 61 46.648 72.007 93.086 62.801 56.436 51.478 79.31 1 34.655 91.548 61.522 8.062 65.605 36.497 46.4 34.482 53.935 92.022 98.351 52 64.281 25.298 88.566 48.826 36.235 92.347 85.988 51.039 51.039 27.074 27.074 6.325 6.325 2.236 2.236 30.232 30.232 68.68 68.68 50.606 50.606 40.05 40.05 29.275 29.275 90.355 90.355 28.16 28.16 39.56 39.56 66.483 66.483 96.566 96.566 9.22 9.22 2.828 2.828
13.038 42.19 42.45 0 49.041 14.318 34.785 22.825 33.615 33.242 52.469 28.46 23.431 11.662 37.736 41.485 22.023 50.01 20.224 48.466 31.016 7.071 29.069 12.53 12.042 51.788 56.08 15.556 23.537 35.468 47.011 31.78 10.817 49.98 44.045 33.242 33.242 19.105 19.105 42.544 42.544 43.966 43.966 17.088 17.088 26.249 26.249 20.025 20.025 48.6 48.6 19.209 19.209 49.82 49.82 47.17 47.17 5 5 24.042 24.042 54.562 54.562 50.329 50.329 40.025 40.025
59.506 18.682 88.051 49.041 0 63.246 80.056 27.166 77.104 16.125 8.602 55.902 32.249 47.508 37.162 87.052 69.857 13.342 29.155 92.087 56.08 52.773 72.111 61.351 37.336 6.403 35.355 36.125 25.632 84.433 13 73.817 59.464 31 16.279 74.202 74.202 61.008 61.008 86.052 86.052 89.006 89.006 66.098 66.098 31.113 31.113 58.822 58.822 96.151 96.151 59.008 59.008 45.706 45.706 96.135 96.135 53.759 53.759 31.89 31.89 38.053 38.053 94.085 94.085 86.145 86.145
7.81 55.036 32.757 14.318 63.246 0 26.249 37.121 23.345 47.539 66.287 30.414 36.878 19.416 47.127 31.906 8.944 63.388 34.205 40 33.242 13.601 20 2 25.962 65.734 66.708 29.411 37.643 21.19 60.407 23 4 61 57.14 25.02 25.02 19.026 19.026 34.713 34.713 34.67 34.67 3 3 38.053 38.053 18.439 18.439 34.713 34.713 21.024 21.024 57.697 57.697 32.894 32.894 9.487 9.487 36.014 36.014 64.56 64.56 41.617 41.617 30.017 30.017
34.059 76.485 8 34.785 80.056 26.249 0 53 43.081 64.008 85.094 56.639 48.508 44.294 72.014 7 29.682 83.6 53.6 13.892 59.464 28.636 42.059 27.803 46.098 84.024 90.824 44 56.321 24 80.623 44.721 29.411 84.758 78.09 46.957 46.957 19.105 19.105 8.485 8.485 9.22 9.22 24.042 24.042 61.033 61.033 44.553 44.553 40.448 40.448 21.378 21.378 83.355 83.355 30.083 30.083 32.202 32.202 58.822 58.822 89.157 89.157 15.652 15.652 6.325 6.325
34.828 26.627 61 22.825 27.166 37.121 53 0 54.489 11.045 32.249 39.56 8.602 25.239 33.242 60 44.654 31.623 8 65.376 41 25.71 49.578 35.355 12.806 31.064 45.255 9 6.708 58.181 28.792 51.856 33.615 38.897 27.295 52.802 52.802 34.059 34.059 59.304 59.304 62.032 62.032 39.812 39.812 19.647 19.647 37.443 37.443 71.281 71.281 32.249 32.249 46.098 46.098 69.857 69.857 27.785 27.785 18.248 18.248 45.453 45.453 67.365 67.365 59.034 59.034
20.591 64.078 46.648 33.615 77.104 23.345 43.081 54.489 0 63.127 77.827 26.077 56.859 29.833 49.82 46.141 15 73.41 48.918 54.708 28 36.056 5 23.77 41.725 77.897 69.462 48.826 52.498 22.627 70.682 4 24.352 65.115 66.708 5.385 5.385 42.107 42.107 50.99 50.99 48.877 48.877 23.022 23.022 46.957 46.957 18.358 18.358 22 22 44.283 44.283 56.036 56.036 29.547 29.547 29.069 29.069 45.651 45.651 66.189 66.189 55.758 55.758 43.909 43.909
44.418 19.416 72.007 33.242 16.125 47.539 64.008 11.045 63.127 0 21.587 44.777 17.088 33.302 32.016 71.007 54.589 21.954 14.213 76.236 45.618 36.674 58.138 45.695 21.954 20.224 39.115 20.025 10.63 68.71 19.416 60.142 43.863 33.121 19.105 60.811 60.811 45.011 45.011 70.178 70.178 73.007 73.007 50.329 50.329 20.881 20.881 45.255 45.255 81.123 81.123 43.105 43.105 43.738 43.738 80.411 80.411 38.079 38.079 20.616 20.616 40.249 40.249 78.23 78.23 70.064 70.064
61.685 14.866 93.086 52.469 8.602 66.287 85.094 32.249 77.827 21.587 0 54.818 38.601 49.041 33.601 92.087 72.125 6.325 32.249 97.622 54.562 57.035 72.897 64.327 40.448 2.236 28 41.195 29.069 87.321 7.81 74.303 62.37 24.515 12.042 74.431 74.431 66.272 66.272 91.548 91.548 94.191 94.191 69.232 69.232 30.887 30.887 59.481 59.481 97.862 97.862 64.498 64.498 40.162 40.162 98.955 98.955 56.886 56.886 32.202 32.202 31.145 31.145 99.609 99.609 91.022 91.022
22.627 40.224 62.801 28.46 55.902 30.414 56.639 39.56 26.077 44.777 54.818 0 45.398 17.263 24.042 62.008 29.069 49.649 31.953 70.292 2.828 34.928 22.023 29 28.16 55.317 43.417 38.053 34.928 44.272 47.202 22.091 27.659 39.294 43.012 21.378 21.378 46.141 46.141 65.115 65.115 64.815 64.815 32.65 32.65 24.839 24.839 12.207 12.207 48.042 48.042 46.957 46.957 30.265 30.265 53.935 53.935 27.295 27.295 24.413 24.413 40.112 40.112 71.84 71.84 60 60
36.401 34.828 56.436 23.431 32.249 36.878 48.508 8.602 56.859 17.088 38.601 45.398 0 29.411 41.629 55.444 45.255 38.91 15.811 60 47.17 23.854 52.154 35.384 17.263 37.108 53.759 8.062 15.264 57.14 36.235 54.708 33.941 47.424 35.228 55.946 55.946 29.428 29.428 54.009 54.009 57.219 57.219 39.205 39.205 27.857 27.857 41.231 41.231 71.589 71.589 27.166 27.166 54.562 54.562 68.6 68.6 28.32 28.32 26.249 26.249 54.037 54.037 62 62 54.745 54.745
13.038 36.497 51.478 11.662 47.508 19.416 44.294 25.239 29.833 33.302 49.041 17.263 29.411 0 27.857 50.567 23.345 45.354 19.105 58.181 19.647 18.601 24.839 17.464 12.53 48.847 47.297 21.587 22.672 39.115 42.45 26.87 15.524 41.593 38.833 27.659 27.659 30.48 30.48 52.479 52.479 53.226 53.226 22.361 22.361 19.105 19.105 12.207 12.207 48.847 48.847 30.806 30.806 39.115 39.115 50.488 50.488 12.207 12.207 17.263 17.263 45.222 45.222 59.942 59.942 48.847 48.847
40.025 18.868 79.31 37.736 37.162 47.127 72.014 33.242 49.82 32.016 33.601 24.042 41.629 27.857 0 78.39 49.366 27.659 25.942 85.866 22.847 44.654 45.398 45.222 29 34.67 20.025 37.443 26.571 65.376 25.807 45.891 43.324 15.297 21.633 45.354 45.354 56.613 56.613 80.062 80.062 81.025 81.025 50 50 13.892 13.892 33 33 71.568 71.568 56.223 56.223 13.038 13.038 76.059 76.059 39.812 39.812 15.811 15.811 17.464 17.464 87.664 87.664 76.694 76.694
39.661 83.361 1 41.485 87.052 31.906 7 60 46.141 71.007 92.087 62.008 55.444 50.567 78.39 0 33.971 90.554 60.531 8.602 64.815 35.511 45.804 33.615 52.953 91.022 97.406 51 63.285 25 87.573 48.26 35.355 91.395 85 50.478 50.478 26.077 26.077 6.083 6.083 2.828 2.828 29.411 29.411 67.72 67.72 49.82 49.82 40.012 40.012 28.284 28.284 89.471 89.471 28.284 28.284 38.626 38.626 65.521 65.521 95.635 95.635 9.899 9.899 2.236 2.236
10.44 59.841 34.655 22.023 69.857 8.944 29.682 44.654 15 54.589 72.125 29.069 45.255 23.345 49.366 33.971 0 68.659 40.719 42.521 31.765 22.472 12.649 10 32.65 71.784 69.354 37.537 44.283 16.031 65.734 15.524 11.314 64.07 62.169 17.72 17.72 27.166 27.166 38.013 38.013 36.797 36.797 8.062 8.062 42.426 42.426 17.088 17.088 26.627 26.627 29.428 29.428 58.524 58.524 27.166 27.166 17.029 17.029 40.608 40.608 66.753 66.753 43.863 43.863 31.828 31.828
58.249 9.434 91.548 50.01 13.342 63.388 83.6 31.623 73.41 21.954 6.325 49.649 38.91 45.354 27.659 90.554 68.659 0 30.067 96.509 49.204 55.145 68.542 61.4 38 8.062 22.091 40.262 27.295 84.172 3 69.778 59.414 18.248 6.708 69.771 69.771 65.115 65.115 90.427 90.427 92.779 92.779 66.37 66.37 26.571 26.571 55.154 55.154 93.92 93.92 63.561 63.561 33.838 33.838 95.708 95.708 54.148 54.148 28.16 28.16 25.02 25.02 98.478 98.478 89.359 89.359
30.414 23.087 61.522 20.224 29.155 34.205 53.6 8 48.918 14.213 32.249 31.953 15.811 19.105 25.942 60.531 40.719 30.067 0 66.708 33.242 25.08 43.932 32.28 8.246 31.575 40 12.042 3.606 55.362 27.074 45.967 30.364 33.601 24.515 46.69 46.69 35.44 35.44 60.638 60.638 62.801 62.801 37.108 37.108 12.083 12.083 31.145 31.145 67.119 67.119 34.176 34.176 38.949 38.949 67.052 67.052 24.739 24.739 10.44 10.44 39.623 39.623 68.659 68.659 59.304 59.304
47.802 89.739 8.062 48.466 92.087 40 13.892 65.376 54.708 76.236 97.622 70.292 60 58.181 85.866 8.602 42.521 96.509 66.708 0 73.11 42.059 54.406 41.617 59.481 96.421 104.547 56.436 69.232 33.242 93.557 56.859 43.267 98.433 91.22 59.076 59.076 31.401 31.401 6.083 6.083 5.831 5.831 37.643 37.643 74.673 74.673 58.138 58.138 47.381 47.381 33.136 33.136 97.247 97.247 35.014 35.014 46.065 46.065 72.45 72.45 102.956 102.956 2 2 10.817 10.817
25.456 39.825 65.605 31.016 56.08 33.242 59.464 41 28 45.618 54.562 2.828 47.17 19.647 22.847 64.815 31.765 49.204 33.242 73.11 0 37.577 24.187 31.828 30.017 55.172 41.773 40 36.056 46.819 46.862 24 30.48 37.947 42.638 23.087 23.087 48.877 48.877 67.941 67.941 67.624 67.624 35.468 35.468 25.239 25.239 15 15 50 50 49.649 49.649 28.071 28.071 56.294 56.294 30.017 30.017 25.06 25.06 38.328 38.328 74.653 74.653 62.801 62.801
16.125 47.854 36.497 7.071 52.773 13.601 28.636 25.71 36.056 36.674 57.035 34.928 23.854 18.601 44.654 35.511 22.472 55.145 25.08 42.059 37.577 0 32.016 12.53 17.464 56.143 62.65 17.088 28 33.287 52.154 34.928 11.705 56.462 49.497 36.674 36.674 12.042 12.042 36.056 36.056 37.855 37.855 15.556 15.556 32.696 32.696 25.318 25.318 48.083 48.083 12.207 12.207 56.851 56.851 44.777 44.777 8.062 8.062 30.463 30.463 61.294 61.294 43.966 43.966 34.234 34.234
16.155 59.237 46.4 29.069 72.111 20 42.059 49.578 5 58.138 72.897 22.023 52.154 24.839 45.398 45.804 12.649 68.542 43.932 54.406 24.187 32.016 0 20.1 36.797 72.945 65.192 44.102 47.508 23.854 65.795 3 20.396 60.671 61.847 5.099 5.099 39.013 39.013 50.249 50.249 48.6 48.6 20.224 20.224 42.048 42.048 13.416 13.416 26.173 26.173 41.012 41.012 52.24 52.24 32.28 32.28 24.698 24.698 40.706 40.706 62.032 62.032 55.606 55.606 43.6 43.6
6.403 53.038 34.482 12.53 61.351 2 27.803 35.355 23.77 45.695 64.327 29 35.384 17.464 45.222 33.615 10 61.4 32.28 41.617 31.828 12.53 20.1 0 24.042 63.789 64.761 27.803 35.735 23.087 58.421 23.087 2 59.034 55.145 25.02 25.02 19.235 19.235 36.235 36.235 36.359 36.359 5 5 36.056 36.056 17.205 17.205 36.235 36.235 21.024 21.024 55.902 55.902 34.785 34.785 7.616 7.616 34.015 34.015 62.642 62.642 43.267 43.267 31.765 31.765
22.472 30.414 53.935 12.042 37.336 25.962 46.098 12.806 41.725 21.954 40.448 28.16 17.263 12.53 29 52.953 32.65 38 8.246 59.481 30.017 17.464 36.797 24.042 0 39.812 45.651 10.05 11.705 47.127 35 39.051 22.136 39.357 32.14 40 40 28.636 28.636 53.451 53.451 55.317 55.317 28.862 28.862 15.811 15.811 24.698 24.698 59.169 59.169 27.785 27.785 41.869 41.869 58.822 58.822 16.492 16.492 13.601 13.601 44.654 44.654 61.4 61.4 51.624 51.624
61.351 15.811 92.022 51.788 6.403 65.734 84.024 31.064 77.897 20.224 2.236 55.317 37.108 48.847 34.67 91.022 71.784 8.062 31.575 96.421 55.172 56.143 72.945 63.789 39.812 0 30.017 40.05 28.284 86.833 8.944 74.431 61.847 26.306 13.038 74.626 74.626 65.123 65.123 90.355 90.355 93.086 93.086 68.659 68.659 31.064 31.064 59.54 59.54 97.693 97.693 63.285 63.285 41.761 41.761 98.494 98.494 56.294 56.294 32.249 32.249 33.061 33.061 98.412 98.412 90 90
59.841 19.723 98.351 56.08 35.355 66.708 90.824 45.255 69.462 39.115 28 43.417 53.759 47.297 20.025 97.406 69.354 22.091 40 104.547 41.773 62.65 65.192 64.761 45.651 30.017 0 52.01 38.949 85.376 22.561 65.49 62.817 6.403 20.616 64.777 64.777 74.243 74.243 98.615 98.615 99.96 99.96 69.635 69.635 29.967 29.967 53.009 53.009 91.351 91.351 73.43 73.43 16.401 16.401 96.083 96.083 58.822 58.822 32.202 32.202 4.243 4.243 106.405 106.405 95.818 95.818
28.425 34.438 52 15.556 36.125 29.411 44 9 48.826 20.025 41.195 38.053 8.062 21.587 37.443 51 37.537 40.262 12.042 56.436 40 17.088 44.102 27.803 10.05 40.05 52.01 0 13.416 50.12 37.363 46.648 26.249 45.607 35.468 47.885 47.885 25.08 25.08 50.359 50.359 53.038 53.038 31.906 31.906 23.601 23.601 33.242 33.242 64.031 64.031 23.345 23.345 50.478 50.478 61.717 61.717 20.518 20.518 21.633 21.633 51.662 51.662 58.421 58.421 50.04 50.04
34 21.024 64.281 23.537 25.632 37.643 56.321 6.708 52.498 10.63 29.069 34.928 15.264 22.672 26.571 63.285 44.283 27.295 3.606 69.232 36.056 28 47.508 35.735 11.705 28.284 38.949 13.416 0 58.822 24.331 49.518 33.838 32.558 22.136 50.21 50.21 37.855 37.855 63.151 63.151 65.49 65.49 40.522 40.522 13.153 13.153 34.655 34.655 70.711 70.711 36.401 36.401 39.395 39.395 70.52 70.52 28.16 28.16 12 12 38.949 38.949 71.197 71.197 62.129 62.129
26.077 75.538 25.298 35.468 84.433 21.19 24 58.181 22.627 68.71 87.321 44.272 57.14 39.115 65.376 25 16.031 84.172 55.362 33.242 46.819 33.287 23.854 23.087 47.127 86.833 85.376 50.12 58.822 0 81.216 25.612 25 80.1 77.782 27.659 27.659 32.202 32.202 30.594 30.594 27.514 27.514 18.385 18.385 58.215 58.215 32.757 32.757 17.088 17.088 35 35 74.216 74.216 11.705 11.705 30.676 30.676 56.321 56.321 82.735 82.735 34.015 34.015 22.804 22.804
55.317 7.071 88.566 47.011 13 60.407 80.623 28.792 70.682 19.416 7.81 47.202 36.235 42.45 25.807 87.573 65.734 3 27.074 93.557 46.862 52.154 65.795 58.421 35 8.944 22.561 37.363 24.331 81.216 0 67.082 56.436 18 4.243 67.119 67.119 62.169 62.169 87.476 87.476 89.805 89.805 63.388 63.388 23.77 23.77 52.393 52.393 91.082 91.082 60.638 60.638 32.985 32.985 92.763 92.763 51.157 51.157 25.298 25.298 25.08 25.08 95.525 95.525 86.371 86.371
18.974 60.415 48.826 31.78 73.817 23 44.721 51.856 4 60.142 74.303 22.091 54.708 26.87 45.891 48.26 15.524 69.778 45.967 56.859 24 34.928 3 23.087 39.051 74.431 65.49 46.648 49.518 25.612 67.082 0 23.345 61.188 63.071 2.236 2.236 42.012 42.012 52.839 52.839 51.039 51.039 23.195 23.195 43.417 43.417 15 15 26 26 44.011 44.011 52.038 52.038 33.242 33.242 27.514 27.514 42.19 42.19 62.201 62.201 58.009 58.009 46.043 46.043
5.385 51.039 36.235 10.817 59.464 4 29.411 33.615 24.352 43.863 62.37 27.659 33.941 15.524 43.324 35.355 11.314 59.414 30.364 43.267 30.48 11.705 20.396 2 22.136 61.847 62.817 26.249 33.838 25 56.436 23.345 0 57.07 53.151 25.179 25.179 19.647 19.647 37.802 37.802 38.079 38.079 7 7 34.059 34.059 16.125 16.125 37.802 37.802 21.213 21.213 54.12 54.12 36.688 36.688 5.831 5.831 32.016 32.016 60.729 60.729 44.944 44.944 33.541 33.541
54.332 13.928 92.347 49.98 31 61 84.758 38.897 65.115 33.121 24.515 39.294 47.424 41.593 15.297 91.395 64.07 18.248 33.601 98.433 37.947 56.462 60.671 59.034 39.357 26.306 6.403 45.607 32.558 80.1 18 61.188 57.07 0 15.297 60.638 60.638 67.978 67.978 92.477 92.477 93.92 93.92 63.953 63.953 23.77 23.77 48.094 48.094 86.833 86.833 67.119 67.119 16.125 16.125 91 91 52.887 52.887 26 26 7.28 7.28 100.305 100.305 89.844 89.844
51.788 2.828 85.988 44.045 16.279 57.14 78.09 27.295 66.708 19.105 12.042 43.012 35.228 38.833 21.633 85 62.169 6.708 24.515 91.22 42.638 49.497 61.847 55.145 32.14 13.038 20.616 35.468 22.136 77.782 4.243 63.071 53.151 15.297 0 63.063 63.063 59.908 59.908 85.147 85.147 87.298 87.298 60.133 60.133 19.925 19.925 48.466 48.466 87.281 87.281 58.524 58.524 29.428 29.428 89.269 89.269 48.01 48.01 21.587 21.587 22.561 22.561 93.172 93.172 83.726 83.726
20.616 60.374 51.039 33.242 74.202 25.02 46.957 52.802 5.385 60.811 74.431 21.378 55.946 27.659 45.354 50.478 17.72 69.771 46.69 59.076 23.087 36.674 5.099 25.02 40 74.626 64.777 47.885 50.21 27.659 67.119 2.236 25.179 60.638 63.063 0 0 44.045 44.045 55.073 55.073 53.254 53.254 25.318 25.318 43.566 43.566 15.556 15.556 27.074 27.074 46 46 51 51 34.928 34.928 29.12 29.12 42.438 42.438 61.4 61.4 60.216 60.216 48.26 48.26
20.616 60.374 51.039 33.242 74.202 25.02 46.957 52.802 5.385 60.811 74.431 21.378 55.946 27.659 45.354 50.478 17.72 69.771 46.69 59.076 23.087 36.674 5.099 25.02 40 74.626 64.777 47.885 50.21 27.659 67.119 2.236 25.179 60.638 63.063 0 0 44.045 44.045 55.073 55.073 53.254 53.254 25.318 25.318 43.566 43.566 15.556 15.556 27.074 27.074 46 46 51 51 34.928 34.928 29.12 29.12 42.438 42.438 61.4 61.4 60.216 60.216 48.26 48.26
25 58.524 27.074 19.105 61.008 19.026 19.105 34.059 42.107 45.011 66.272 46.141 29.428 30.48 56.613 26.077 27.166 65.115 35.44 31.401 48.877 12.042 39.013 19.235 28.636 65.123 74.243 25.08 37.855 32.202 62.169 42.012 19.647 67.978 59.908 44.045 44.045 0 0 25.318 25.318 28 28 19.105 19.105 44.294 44.294 35.468 35.468 48.877 48.877 2.828 2.828 68.884 68.884 42.426 42.426 18.868 18.868 42.059 42.059 73.062 73.062 33.377 33.377 25.318 25.318
25 58.524 27.074 19.105 61.008 19.026 19.105 34.059 42.107 45.011 66.272 46.141 29.428 30.48 56.613 26.077 27.166 65.115 35.44 31.401 48.877 12.042 39.013 19.235 28.636 65.123 74.243 25.08 37.855 32.202 62.169 42.012 19.647 67.978 59.908 44.045 44.045 0 0 25.318 25.318 28 28 19.105 19.105 44.294 44.294 35.468 35.468 48.877 48.877 2.828 2.828 68.884 68.884 42.426 42.426 18.868 18.868 42.059 42.059 73.062 73.062 33.377 33.377 25.318 25.318
42.521 83.678 6.325 42.544 86.052 34.713 8.485 59.304 50.99 70.178 91.548 65.115 54.009 52.479 80.062 6.083 38.013 90.427 60.638 6.083 67.941 36.056 50.249 36.235 53.451 90.355 98.615 50.359 63.151 30.594 87.476 52.839 37.802 92.477 85.147 55.073 55.073 25.318 25.318 0 0 5 5 32.527 32.527 68.71 68.71 53.038 53.038 46 46 27.074 27.074 91.586 91.586 34.366 34.366 40.311 40.311 66.483 66.483 97.082 97.082 8.062 8.062 8 8
42.521 83.678 6.325 42.544 86.052 34.713 8.485 59.304 50.99 70.178 91.548 65.115 54.009 52.479 80.062 6.083 38.013 90.427 60.638 6.083 67.941 36.056 50.249 36.235 53.451 90.355 98.615 50.359 63.151 30.594 87.476 52.839 37.802 92.477 85.147 55.073 55.073 25.318 25.318 0 0 5 5 32.527 32.527 68.71 68.71 53.038 53.038 46 46 27.074 27.074 91.586 91.586 34.366 34.366 40.311 40.311 66.483 66.483 97.082 97.082 8.062 8.062 8 8
42.438 85.703 2.236 43.966 89.006 34.67 9.22 62.032 48.877 73.007 94.191 64.815 57.219 53.226 81.025 2.828 36.797 92.779 62.801 5.831 67.624 37.855 48.6 36.359 55.317 93.086 99.96 53.038 65.49 27.514 89.805 51.039 38.079 93.92 87.298 53.254 53.254 28 28 5 5 0 0 32.202 32.202 70.214 70.214 52.631 52.631 42.107 42.107 30.067 30.067 92.179 92.179 30.067 30.067 41.231 41.231 68.007 68.007 98.234 98.234 7.071 7.071 5 5
42.438 85.703 2.236 43.966 89.006 34.67 9.22 62.032 48.877 73.007 94.191 64.815 57.219 53.226 81.025 2.828 36.797 92.779 62.801 5.831 67.624 37.855 48.6 36.359 55.317 93.086 99.96 53.038 65.49 27.514 89.805 51.039 38.079 93.92 87.298 53.254 53.254 28 28 5 5 0 0 32.202 32.202 70.214 70.214 52.631 52.631 42.107 42.107 30.067 30.067 92.179 92.179 30.067 30.067 41.231 41.231 68.007 68.007 98.234 98.234 7.071 7.071 5 5
10.296 58.034 30.232 17.088 66.098 3 24.042 39.812 23.022 50.329 69.232 32.65 39.205 22.361 50 29.411 8.062 66.37 37.108 37.643 35.468 15.556 20.224 5 28.862 68.659 69.635 31.906 40.522 18.385 63.388 23.195 7 63.953 60.133 25.318 25.318 19.105 19.105 32.527 32.527 32.202 32.202 0 0 41.049 41.049 20.518 20.518 32.527 32.527 21.378 21.378 60.415 60.415 30.083 30.083 12.369 12.369 39.013 39.013 67.446 67.446 39.205 39.205 27.459 27.459
10.296 58.034 30.232 17.088 66.098 3 24.042 39.812 23.022 50.329 69.232 32.65 39.205 22.361 50 29.411 8.062 66.37 37.108 37.643 35.468 15.556 20.224 5 28.862 68.659 69.635 31.906 40.522 18.385 63.388 23.195 7 63.953 60.133 25.318 25.318 19.105 19.105 32.527 32.527 32.202 32.202 0 0 41.049 41.049 20.518 20.518 32.527 32.527 21.378 21.378 60.415 60.415 30.083 30.083 12.369 12.369 39.013 39.013 67.446 67.446 39.205 39.205 27.459 27.459
32.14 17.464 68.68 26.249 31.113 38.053 61.033 19.647 46.957 20.881 30.887 24.839 27.857 19.105 13.892 67.72 42.426 26.571 12.083 74.673 25.239 32.696 42.048 36.056 15.811 31.064 29.967 23.601 13.153 58.215 23.77 43.417 34.059 23.77 19.925 43.566 43.566 44.294 44.294 68.71 68.71 70.214 70.214 41.049 41.049 0 0 28.636 28.636 67.357 67.357 43.566 43.566 26.926 26.926 69.584 69.584 29.428 29.428 2.236 2.236 28.844 28.844 76.551 76.551 66.219 66.219
32.14 17.464 68.68 26.249 31.113 38.053 61.033 19.647 46.957 20.881 30.887 24.839 27.857 19.105 13.892 67.72 42.426 26.571 12.083 74.673 25.239 32.696 42.048 36.056 15.811 31.064 29.967 23.601 13.153 58.215 23.77 43.417 34.059 23.77 19.925 43.566 43.566 44.294 44.294 68.71 68.71 70.214 70.214 41.049 41.049 0 0 28.636 28.636 67.357 67.357 43.566 43.566 26.926 26.926 69.584 69.584 29.428 29.428 2.236 2.236 28.844 28.844 76.551 76.551 66.219 66.219
10.817 45.88 50.606 20.025 58.822 18.439 44.553 37.443 18.358 45.255 59.481 12.207 41.231 12.207 33 49.82 17.088 55.154 31.145 58.138 15 25.318 13.416 17.205 24.698 59.54 53.009 33.242 34.655 32.757 52.393 15 16.125 48.094 48.466 15.556 15.556 35.468 35.468 53.038 53.038 52.631 52.631 20.518 20.518 28.636 28.636 0 0 39.051 39.051 36.688 36.688 41.485 41.485 43.105 43.105 17.263 17.263 27.295 27.295 50.16 50.16 59.666 59.666 47.802 47.802
10.817 45.88 50.606 20.025 58.822 18.439 44.553 37.443 18.358 45.255 59.481 12.207 41.231 12.207 33 49.82 17.088 55.154 31.145 58.138 15 25.318 13.416 17.205 24.698 59.54 53.009 33.242 34.655 32.757 52.393 15 16.125 48.094 48.466 15.556 15.556 35.468 35.468 53.038 53.038 52.631 52.631 20.518 20.518 28.636 28.636 0 0 39.051 39.051 36.688 36.688 41.485 41.485 43.105 43.105 17.263 17.263 27.295 27.295 50.16 50.16 59.666 59.666 47.802 47.802
36.715 84.77 40.05 48.6 96.151 34.713 40.448 71.281 22 81.123 97.862 48.042 71.589 48.847 71.568 40.012 26.627 93.92 67.119 47.381 50 48.083 26.173 36.235 59.169 97.693 91.351 64.031 70.711 17.088 91.082 26 37.802 86.833 87.281 27.074 27.074 48.877 48.877 46 46 42.107 42.107 32.527 32.527 67.357 67.357 39.051 39.051 0 0 51.624 51.624 78.026 78.026 13 13 43.6 43.6 65.788 65.788 88.142 88.142 47.676 47.676 38 38
36.715 84.77 40.05 48.6 96.151 34.713 40.448 71.281 22 81.123 97.862 48.042 71.589 48.847 71.568 40.012 26.627 93.92 67.119 47.381 50 48.083 26.173 36.235 59.169 97.693 91.351 64.031 70.711 17.088 91.082 26 37.802 86.833 87.281 27.074 27.074 48.877 48.877 46 46 42.107 42.107 32.527 32.527 67.357 67.357 39.051 39.051 0 0 51.624 51.624 78.026 78.026 13 13 43.6 43.6 65.788 65.788 88.142 88.142 47.676 47.676 38 38
26.476 57.245 29.275 19.209 59.008 21.024 21.378 32.249 44.283 43.105 64.498 46.957 27.166 30.806 56.223 28.284 29.428 63.561 34.176 33.136 49.649 12.207 41.012 21.024 27.785 63.285 73.43 23.345 36.401 35 60.638 44.011 21.213 67.119 58.524 46 46 2.828 2.828 27.074 27.074 30.067 30.067 21.378 21.378 43.566 43.566 36.688 36.688 51.624 51.624 0 0 68.68 68.68 45.255 45.255 19.698 19.698 41.34 41.34 72.402 72.402 35.128 35.128 27.659 27.659
26.476 57.245 29.275 19.209 59.008 21.024 21.378 32.249 44.283 43.105 64.498 46.957 27.166 30.806 56.223 28.284 29.428 63.561 34.176 33.136 49.649 12.207 41.012 21.024 27.785 63.285 73.43 23.345 36.401 35 60.638 44.011 21.213 67.119 58.524 46 46 2.828 2.828 27.074 27.074 30.067 30.067 21.378 21.378 43.566 43.566 36.688 36.688 51.624 51.624 0 0 68.68 68.68 45.255 45.255 19.698 19.698 41.34 41.34 72.402 72.402 35.128 35.128 27.659 27.659
50.16 27.166 90.355 49.82 45.706 57.697 83.355 46.098 56.036 43.738 40.162 30.265 54.562 39.115 13.038 89.471 58.524 33.838 38.949 97.247 28.071 56.851 52.24 55.902 41.869 41.761 16.401 50.478 39.395 74.216 32.985 52.038 54.12 16.125 29.428 51 51 68.884 68.884 91.586 91.586 92.179 92.179 60.415 60.415 26.926 26.926 41.485 41.485 78.026 78.026 68.68 68.68 0 0 84.172 84.172 51.313 51.313 28.844 28.844 12.207 12.207 98.98 98.98 87.658 87.658
50.16 27.166 90.355 49.82 45.706 57.697 83.355 46.098 56.036 43.738 40.162 30.265 54.562 39.115 13.038 89.471 58.524 33.838 38.949 97.247 28.071 56.851 52.24 55.902 41.869 41.761 16.401 50.478 39.395 74.216 32.985 52.038 54.12 16.125 29.428 51 51 68.884 68.884 91.586 91.586 92.179 92.179 60.415 60.415 26.926 26.926 41.485 41.485 78.026 78.026 68.68 68.68 0 0 84.172 84.172 51.313 51.313 28.844 28.844 12.207 12.207 98.98 98.98 87.658 87.658
37.483 86.977 28.16 47.17 96.135 32.894 30.083 69.857 29.547 80.411 98.955 53.935 68.6 50.488 76.059 28.284 27.166 95.708 67.052 35.014 56.294 44.777 32.28 34.785 58.822 98.494 96.083 61.717 70.52 11.705 92.763 33.242 36.688 91 89.269 34.928 34.928 42.426 42.426 34.366 34.366 30.067 30.067 30.083 30.083 69.584 69.584 43.105 43.105 13 13 45.255 45.255 84.172 84.172 0 0 42.379 42.379 67.742 67.742 93.263 93.263 35.128 35.128 26.476 26.476
37.483 86.977 28.16 47.17 96.135 32.894 30.083 69.857 29.547 80.411 98.955 53.935 68.6 50.488 76.059 28.284 27.166 95.708 67.052 35.014 56.294 44.777 32.28 34.785 58.822 98.494 96.083 61.717 70.52 11.705 92.763 33.242 36.688 91 89.269 34.928 34.928 42.426 42.426 34.366 34.366 30.067 30.067 30.083 30.083 69.584 69.584 43.105 43.105 13 13 45.255 45.255 84.172 84.172 0 0 42.379 42.379 67.742 67.742 93.263 93.263 35.128 35.128 26.476 26.476
8.544 46.011 39.56 5 53.759 9.487 32.202 27.785 29.069 38.079 56.886 27.295 28.32 12.207 39.812 38.626 17.029 54.148 24.739 46.065 30.017 8.062 24.698 7.616 16.492 56.294 58.822 20.518 28.16 30.676 51.157 27.514 5.831 52.887 48.01 29.12 29.12 18.868 18.868 40.311 40.311 41.231 41.231 12.369 12.369 29.428 29.428 17.263 17.263 43.6 43.6 19.698 19.698 51.313 51.313 42.379 42.379 0 0 27.295 27.295 57.009 57.009 47.854 47.854 37 37
8.544 46.011 39.56 5 53.759 9.487 32.202 27.785 29.069 38.079 56.886 27.295 28.32 12.207 39.812 38.626 17.029 54.148 24.739 46.065 30.017 8.062 24.698 7.616 16.492 56.294 58.822 20.518 28.16 30.676 51.157 27.514 5.831 52.887 48.01 29.12 29.12 18.868 18.868 40.311 40.311 41.231 41.231 12.369 12.369 29.428 29.428 17.263 17.263 43.6 43.6 19.698 19.698 51.313 51.313 42.379 42.379 0 0 27.295 27.295 57.009 57.009 47.854 47.854 37 37
30.265 19.235 66.483 24.042 31.89 36.014 58.822 18.248 45.651 20.616 32.202 24.413 26.249 17.263 15.811 65.521 40.608 28.16 10.44 72.45 25.06 30.463 40.706 34.015 13.601 32.249 32.202 21.633 12 56.321 25.298 42.19 32.016 26 21.587 42.438 42.438 42.059 42.059 66.483 66.483 68.007 68.007 39.013 39.013 2.236 2.236 27.295 27.295 65.788 65.788 41.34 41.34 28.844 28.844 67.742 67.742 27.295 27.295 0 0 31.064 31.064 74.33 74.33 64.031 64.031
30.265 19.235 66.483 24.042 31.89 36.014 58.822 18.248 45.651 20.616 32.202 24.413 26.249 17.263 15.811 65.521 40.608 28.16 10.44 72.45 25.06 30.463 40.706 34.015 13.601 32.249 32.202 21.633 12 56.321 25.298 42.19 32.016 26 21.587 42.438 42.438 42.059 42.059 66.483 66.483 68.007 68.007 39.013 39.013 2.236 2.236 27.295 27.295 65.788 65.788 41.34 41.34 28.844 28.844 67.742 67.742 27.295 27.295 0 0 31.064 31.064 74.33 74.33 64.031 64.031
57.489 21.19 96.566 54.562 38.053 64.56 89.157 45.453 66.189 40.249 31.145 40.112 54.037 45.222 17.464 95.635 66.753 25.02 39.623 102.956 38.328 61.294 62.032 62.642 44.654 33.061 4.243 51.662 38.949 82.735 25.08 62.201 60.729 7.28 22.561 61.4 61.4 73.062 73.062 97.082 97.082 98.234 98.234 67.446 67.446 28.844 28.844 50.16 50.16 88.142 88.142 72.402 72.402 12.207 12.207 93.263 93.263 57.009 57.009 31.064 31.064 0 0 104.785 104.785 93.984 93.984
57.489 21.19 96.566 54.562 38.053 64.56 89.157 45.453 66.189 40.249 31.145 40.112 54.037 45.222 17.464 95.635 66.753 25.02 39.623 102.956 38.328 61.294 62.032 62.642 44.654 33.061 4.243 51.662 38.949 82.735 25.08 62.201 60.729 7.28 22.561 61.4 61.4 73.062 73.062 97.082 97.082 98.234 98.234 67.446 67.446 28.844 28.844 50.16 50.16 88.142 88.142 72.402 72.402 12.207 12.207 93.263 93.263 57.009 57.009 31.064 31.064 0 0 104.785 104.785 93.984 93.984
49.406 91.679 9.22 50.329 94.085 41.617 15.652 67.365 55.758 78.23 99.609 71.84 62 59.942 87.664 9.899 43.863 98.478 68.659 2 74.653 43.966 55.606 43.267 61.4 98.412 106.405 58.421 71.197 34.015 95.525 58.009 44.944 100.305 93.172 60.216 60.216 33.377 33.377 8.062 8.062 7.071 7.071 39.205 39.205 76.551 76.551 59.666 59.666 47.676 47.676 35.128 35.128 98.98 98.98 35.128 35.128 47.854 47.854 74.33 74.33 104.785 104.785 0 0 12.042 12.042
49.406 91.679 9.22 50.329 94.085 41.617 15.652 67.365 55.758 78.23 99.609 71.84 62 59.942 87.664 9.899 43.863 98.478 68.659 2 74.653 43.966 55.606 43.267 61.4 98.412 106.405 58.421 71.197 34.015 95.525 58.009 44.944 100.305 93.172 60.216 60.216 33.377 33.377 8.062 8.062 7.071 7.071 39.205 39.205 76.551 76.551 59.666 59.666 47.676 47.676 35.128 35.128 98.98 98.98 35.128 35.128 47.854 47.854 74.33 74.33 104.785 104.785 0 0 12.042 12.042
37.736 82.037 2.828 40.025 86.145 30.017 6.325 59.034 43.909 70.064 91.022 60 54.745 48.847 76.694 2.236 31.828 89.359 59.304 10.817 62.801 34.234 43.6 31.765 51.624 90 95.818 50.04 62.129 22.804 86.371 46.043 33.541 89.844 83.726 48.26 48.26 25.318 25.318 8 8 5 5 27.459 27.459 66.219 66.219 47.802 47.802 38 38 27.659 27.659 87.658 87.658 26.476 26.476 37 37 64.031 64.031 93.984 93.984 12.042 12.042 0 0
37.736 82.037 2.828 40.025 86.145 30.017 6.325 59.034 43.909 70.064 91.022 60 54.745 48.847 76.694 2.236 31.828 89.359 59.304 10.817 62.801 34.234 43.6 31.765 51.624 90 95.818 50.04 62.129 22.804 86.371 46.043 33.541 89.844 83.726 48.26 48.26 25.318 25.318 8 8 5 5 27.459 27.459 66.219 66.219 47.802 47.802 38 38 27.659 27.659 87.658 87.658 26.476 26.476 37 37 64.031 64.031 93.984 93.984 12.042 12.042 0 0

# e_i and l_i: first and last entries denote the depot time-window.
e_i = 0 28 252 200 427 309 390 366 39 7 348 14 446 154 54 434 416 187 399 290 431 438 207 359 442 256 54 202 155 273 322 379 426 367 350 430 284 357 295 127 188 242 475 278 259 222 0 454 183 136 47 0
l_i = 1712.4 148 372 320 547 429 510 486 159 127 468 134 566 274 174 554 536 307 519 410 551 558 327 479 562 376 174 322 275 393 442 499 546 487 470 550 404 477 415 247 308 362 595 398 379 342 120 574 303 256 167 1712.4

# p_i^{k,s}: first and last entries for i denote the depot.
p_i^{k,s} =
i=0
k=1: 0 0 0 0 0 0
k=2: 0 0 0 0 0 0
k=3: 0 0 0 0 0 0
k=4: 0 0 0 0 0 0
k=5: 0 0 0 0 0 0
k=6: 0 0 0 0 0 0
k=7: 0 0 0 0 0 0
k=8: 0 0 0 0 0 0
k=9: 0 0 0 0 0 0
k=10: 0 0 0 0 0 0
i=1
k=1: 0 0 0 0 11 0
k=2: 0 0 0 0 11 0
k=3: 0 0 0 0 11 0
k=4: 0 0 0 0 11 0
k=5: 0 0 0 0 11 0
k=6: 0 0 0 0 11 0
k=7: 0 0 0 0 11 0
k=8: 0 0 0 0 11 0
k=9: 0 0 0 0 11 0
k=10: 0 0 0 0 11 0
i=2
k=1: 11 0 0 0 0 0
k=2: 11 0 0 0 0 0
k=3: 11 0 0 0 0 0
k=4: 11 0 0 0 0 0
k=5: 11 0 0 0 0 0
k=6: 11 0 0 0 0 0
k=7: 11 0 0 0 0 0
k=8: 11 0 0 0 0 0
k=9: 11 0 0 0 0 0
k=10: 11 0 0 0 0 0
i=3
k=1: 0 0 11 0 0 0
k=2: 0 0 11 0 0 0
k=3: 0 0 11 0 0 0
k=4: 0 0 11 0 0 0
k=5: 0 0 11 0 0 0
k=6: 0 0 11 0 0 0
k=7: 0 0 11 0 0 0
k=8: 0 0 11 0 0 0
k=9: 0 0 11 0 0 0
k=10: 0 0 11 0 0 0
i=4
k=1: 0 11 0 0 0 0
k=2: 0 11 0 0 0 0
k=3: 0 11 0 0 0 0
k=4: 0 11 0 0 0 0
k=5: 0 11 0 0 0 0
k=6: 0 11 0 0 0 0
k=7: 0 11 0 0 0 0
k=8: 0 11 0 0 0 0
k=9: 0 11 0 0 0 0
k=10: 0 11 0 0 0 0
i=5
k=1: 0 0 0 11 0 0
k=2: 0 0 0 11 0 0
k=3: 0 0 0 11 0 0
k=4: 0 0 0 11 0 0
k=5: 0 0 0 11 0 0
k=6: 0 0 0 11 0 0
k=7: 0 0 0 11 0 0
k=8: 0 0 0 11 0 0
k=9: 0 0 0 11 0 0
k=10: 0 0 0 11 0 0
i=6
k=1: 11 0 0 0 0 0
k=2: 11 0 0 0 0 0
k=3: 11 0 0 0 0 0
k=4: 11 0 0 0 0 0
k=5: 11 0 0 0 0 0
k=6: 11 0 0 0 0 0
k=7: 11 0 0 0 0 0
k=8: 11 0 0 0 0 0
k=9: 11 0 0 0 0 0
k=10: 11 0 0 0 0 0
i=7
k=1: 11 0 0 0 0 0
k=2: 11 0 0 0 0 0
k=3: 11 0 0 0 0 0
k=4: 11 0 0 0 0 0
k=5: 11 0 0 0 0 0
k=6: 11 0 0 0 0 0
k=7: 11 0 0 0 0 0
k=8: 11 0 0 0 0 0
k=9: 11 0 0 0 0 0
k=10: 11 0 0 0 0 0
i=8
k=1: 0 0 0 11 0 0
k=2: 0 0 0 11 0 0
k=3: 0 0 0 11 0 0
k=4: 0 0 0 11 0 0
k=5: 0 0 0 11 0 0
k=6: 0 0 0 11 0 0
k=7: 0 0 0 11 0 0
k=8: 0 0 0 11 0 0
k=9: 0 0 0 11 0 0
k=10: 0 0 0 11 0 0
i=9
k=1: 0 11 0 0 0 0
k=2: 0 11 0 0 0 0
k=3: 0 11 0 0 0 0
k=4: 0 11 0 0 0 0
k=5: 0 11 0 0 0 0
k=6: 0 11 0 0 0 0
k=7: 0 11 0 0 0 0
k=8: 0 11 0 0 0 0
k=9: 0 11 0 0 0 0
k=10: 0 11 0 0 0 0
i=10
k=1: 11 0 0 0 0 0
k=2: 11 0 0 0 0 0
k=3: 11 0 0 0 0 0
k=4: 11 0 0 0 0 0
k=5: 11 0 0 0 0 0
k=6: 11 0 0 0 0 0
k=7: 11 0 0 0 0 0
k=8: 11 0 0 0 0 0
k=9: 11 0 0 0 0 0
k=10: 11 0 0 0 0 0
i=11
k=1: 0 0 11 0 0 0
k=2: 0 0 11 0 0 0
k=3: 0 0 11 0 0 0
k=4: 0 0 11 0 0 0
k=5: 0 0 11 0 0 0
k=6: 0 0 11 0 0 0
k=7: 0 0 11 0 0 0
k=8: 0 0 11 0 0 0
k=9: 0 0 11 0 0 0
k=10: 0 0 11 0 0 0
i=12
k=1: 0 0 11 0 0 0
k=2: 0 0 11 0 0 0
k=3: 0 0 11 0 0 0
k=4: 0 0 11 0 0 0
k=5: 0 0 11 0 0 0
k=6: 0 0 11 0 0 0
k=7: 0 0 11 0 0 0
k=8: 0 0 11 0 0 0
k=9: 0 0 11 0 0 0
k=10: 0 0 11 0 0 0
i=13
k=1: 0 0 0 0 11 0
k=2: 0 0 0 0 11 0
k=3: 0 0 0 0 11 0
k=4: 0 0 0 0 11 0
k=5: 0 0 0 0 11 0
k=6: 0 0 0 0 11 0
k=7: 0 0 0 0 11 0
k=8: 0 0 0 0 11 0
k=9: 0 0 0 0 11 0
k=10: 0 0 0 0 11 0
i=14
k=1: 11 0 0 0 0 0
k=2: 11 0 0 0 0 0
k=3: 11 0 0 0 0 0
k=4: 11 0 0 0 0 0
k=5: 11 0 0 0 0 0
k=6: 11 0 0 0 0 0
k=7: 11 0 0 0 0 0
k=8: 11 0 0 0 0 0
k=9: 11 0 0 0 0 0
k=10: 11 0 0 0 0 0
i=15
k=1: 0 0 11 0 0 0
k=2: 0 0 11 0 0 0
k=3: 0 0 11 0 0 0
k=4: 0 0 11 0 0 0
k=5: 0 0 11 0 0 0
k=6: 0 0 11 0 0 0
k=7: 0 0 11 0 0 0
k=8: 0 0 11 0 0 0
k=9: 0 0 11 0 0 0
k=10: 0 0 11 0 0 0
i=16
k=1: 0 0 11 0 0 0
k=2: 0 0 11 0 0 0
k=3: 0 0 11 0 0 0
k=4: 0 0 11 0 0 0
k=5: 0 0 11 0 0 0
k=6: 0 0 11 0 0 0
k=7: 0 0 11 0 0 0
k=8: 0 0 11 0 0 0
k=9: 0 0 11 0 0 0
k=10: 0 0 11 0 0 0
i=17
k=1: 0 11 0 0 0 0
k=2: 0 11 0 0 0 0
k=3: 0 11 0 0 0 0
k=4: 0 11 0 0 0 0
k=5: 0 11 0 0 0 0
k=6: 0 11 0 0 0 0
k=7: 0 11 0 0 0 0
k=8: 0 11 0 0 0 0
k=9: 0 11 0 0 0 0
k=10: 0 11 0 0 0 0
i=18
k=1: 0 0 0 11 0 0
k=2: 0 0 0 11 0 0
k=3: 0 0 0 11 0 0
k=4: 0 0 0 11 0 0
k=5: 0 0 0 11 0 0
k=6: 0 0 0 11 0 0
k=7: 0 0 0 11 0 0
k=8: 0 0 0 11 0 0
k=9: 0 0 0 11 0 0
k=10: 0 0 0 11 0 0
i=19
k=1: 0 0 11 0 0 0
k=2: 0 0 11 0 0 0
k=3: 0 0 11 0 0 0
k=4: 0 0 11 0 0 0
k=5: 0 0 11 0 0 0
k=6: 0 0 11 0 0 0
k=7: 0 0 11 0 0 0
k=8: 0 0 11 0 0 0
k=9: 0 0 11 0 0 0
k=10: 0 0 11 0 0 0
i=20
k=1: 0 0 0 0 0 11
k=2: 0 0 0 0 0 11
k=3: 0 0 0 0 0 11
k=4: 0 0 0 0 0 11
k=5: 0 0 0 0 0 11
k=6: 0 0 0 0 0 11
k=7: 0 0 0 0 0 11
k=8: 0 0 0 0 0 11
k=9: 0 0 0 0 0 11
k=10: 0 0 0 0 0 11
i=21
k=1: 11 0 0 0 0 0
k=2: 11 0 0 0 0 0
k=3: 11 0 0 0 0 0
k=4: 11 0 0 0 0 0
k=5: 11 0 0 0 0 0
k=6: 11 0 0 0 0 0
k=7: 11 0 0 0 0 0
k=8: 11 0 0 0 0 0
k=9: 11 0 0 0 0 0
k=10: 11 0 0 0 0 0
i=22
k=1: 0 0 0 11 0 0
k=2: 0 0 0 11 0 0
k=3: 0 0 0 11 0 0
k=4: 0 0 0 11 0 0
k=5: 0 0 0 11 0 0
k=6: 0 0 0 11 0 0
k=7: 0 0 0 11 0 0
k=8: 0 0 0 11 0 0
k=9: 0 0 0 11 0 0
k=10: 0 0 0 11 0 0
i=23
k=1: 0 0 0 0 0 11
k=2: 0 0 0 0 0 11
k=3: 0 0 0 0 0 11
k=4: 0 0 0 0 0 11
k=5: 0 0 0 0 0 11
k=6: 0 0 0 0 0 11
k=7: 0 0 0 0 0 11
k=8: 0 0 0 0 0 11
k=9: 0 0 0 0 0 11
k=10: 0 0 0 0 0 11
i=24
k=1: 0 0 0 0 11 0
k=2: 0 0 0 0 11 0
k=3: 0 0 0 0 11 0
k=4: 0 0 0 0 11 0
k=5: 0 0 0 0 11 0
k=6: 0 0 0 0 11 0
k=7: 0 0 0 0 11 0
k=8: 0 0 0 0 11 0
k=9: 0 0 0 0 11 0
k=10: 0 0 0 0 11 0
i=25
k=1: 0 0 0 0 11 0
k=2: 0 0 0 0 11 0
k=3: 0 0 0 0 11 0
k=4: 0 0 0 0 11 0
k=5: 0 0 0 0 11 0
k=6: 0 0 0 0 11 0
k=7: 0 0 0 0 11 0
k=8: 0 0 0 0 11 0
k=9: 0 0 0 0 11 0
k=10: 0 0 0 0 11 0
i=26
k=1: 11 0 0 0 0 0
k=2: 11 0 0 0 0 0
k=3: 11 0 0 0 0 0
k=4: 11 0 0 0 0 0
k=5: 11 0 0 0 0 0
k=6: 11 0 0 0 0 0
k=7: 11 0 0 0 0 0
k=8: 11 0 0 0 0 0
k=9: 11 0 0 0 0 0
k=10: 11 0 0 0 0 0
i=27
k=1: 0 0 0 0 11 0
k=2: 0 0 0 0 11 0
k=3: 0 0 0 0 11 0
k=4: 0 0 0 0 11 0
k=5: 0 0 0 0 11 0
k=6: 0 0 0 0 11 0
k=7: 0 0 0 0 11 0
k=8: 0 0 0 0 11 0
k=9: 0 0 0 0 11 0
k=10: 0 0 0 0 11 0
i=28
k=1: 0 0 0 0 0 11
k=2: 0 0 0 0 0 11
k=3: 0 0 0 0 0 11
k=4: 0 0 0 0 0 11
k=5: 0 0 0 0 0 11
k=6: 0 0 0 0 0 11
k=7: 0 0 0 0 0 11
k=8: 0 0 0 0 0 11
k=9: 0 0 0 0 0 11
k=10: 0 0 0 0 0 11
i=29
k=1: 0 0 0 11 0 0
k=2: 0 0 0 11 0 0
k=3: 0 0 0 11 0 0
k=4: 0 0 0 11 0 0
k=5: 0 0 0 11 0 0
k=6: 0 0 0 11 0 0
k=7: 0 0 0 11 0 0
k=8: 0 0 0 11 0 0
k=9: 0 0 0 11 0 0
k=10: 0 0 0 11 0 0
i=30
k=1: 0 0 0 0 11 0
k=2: 0 0 0 0 11 0
k=3: 0 0 0 0 11 0
k=4: 0 0 0 0 11 0
k=5: 0 0 0 0 11 0
k=6: 0 0 0 0 11 0
k=7: 0 0 0 0 11 0
k=8: 0 0 0 0 11 0
k=9: 0 0 0 0 11 0
k=10: 0 0 0 0 11 0
i=31
k=1: 0 11 0 0 0 0
k=2: 0 11 0 0 0 0
k=3: 0 11 0 0 0 0
k=4: 0 11 0 0 0 0
k=5: 0 11 0 0 0 0
k=6: 0 11 0 0 0 0
k=7: 0 11 0 0 0 0
k=8: 0 11 0 0 0 0
k=9: 0 11 0 0 0 0
k=10: 0 11 0 0 0 0
i=32
k=1: 11 0 0 0 0 0
k=2: 11 0 0 0 0 0
k=3: 11 0 0 0 0 0
k=4: 11 0 0 0 0 0
k=5: 11 0 0 0 0 0
k=6: 11 0 0 0 0 0
k=7: 11 0 0 0 0 0
k=8: 11 0 0 0 0 0
k=9: 11 0 0 0 0 0
k=10: 11 0 0 0 0 0
i=33
k=1: 0 11 0 0 0 0
k=2: 0 11 0 0 0 0
k=3: 0 11 0 0 0 0
k=4: 0 11 0 0 0 0
k=5: 0 11 0 0 0 0
k=6: 0 11 0 0 0 0
k=7: 0 11 0 0 0 0
k=8: 0 11 0 0 0 0
k=9: 0 11 0 0 0 0
k=10: 0 11 0 0 0 0
i=34
k=1: 0 0 11 0 0 0
k=2: 0 0 11 0 0 0
k=3: 0 0 11 0 0 0
k=4: 0 0 11 0 0 0
k=5: 0 0 11 0 0 0
k=6: 0 0 11 0 0 0
k=7: 0 0 11 0 0 0
k=8: 0 0 11 0 0 0
k=9: 0 0 11 0 0 0
k=10: 0 0 11 0 0 0
i=35
k=1: 0 0 0 0 11 0
k=2: 0 0 0 0 11 0
k=3: 0 0 0 0 11 0
k=4: 0 0 0 0 11 0
k=5: 0 0 0 0 11 0
k=6: 0 0 0 0 11 0
k=7: 0 0 0 0 11 0
k=8: 0 0 0 0 11 0
k=9: 0 0 0 0 11 0
k=10: 0 0 0 0 11 0
i=36
k=1: 0 0 0 11 0 11
k=2: 0 0 0 11 0 11
k=3: 0 0 0 11 0 11
k=4: 0 0 0 11 0 11
k=5: 0 0 0 11 0 11
k=6: 0 0 0 11 0 11
k=7: 0 0 0 11 0 11
k=8: 0 0 0 11 0 11
k=9: 0 0 0 11 0 11
k=10: 0 0 0 11 0 11
i=37
k=1: 0 0 0 0 11 11
k=2: 0 0 0 0 11 11
k=3: 0 0 0 0 11 11
k=4: 0 0 0 0 11 11
k=5: 0 0 0 0 11 11
k=6: 0 0 0 0 11 11
k=7: 0 0 0 0 11 11
k=8: 0 0 0 0 11 11
k=9: 0 0 0 0 11 11
k=10: 0 0 0 0 11 11
i=38
k=1: 0 0 0 11 11 0
k=2: 0 0 0 11 11 0
k=3: 0 0 0 11 11 0
k=4: 0 0 0 11 11 0
k=5: 0 0 0 11 11 0
k=6: 0 0 0 11 11 0
k=7: 0 0 0 11 11 0
k=8: 0 0 0 11 11 0
k=9: 0 0 0 11 11 0
k=10: 0 0 0 11 11 0
i=39
k=1: 0 0 0 11 11 0
k=2: 0 0 0 11 11 0
k=3: 0 0 0 11 11 0
k=4: 0 0 0 11 11 0
k=5: 0 0 0 11 11 0
k=6: 0 0 0 11 11 0
k=7: 0 0 0 11 11 0
k=8: 0 0 0 11 11 0
k=9: 0 0 0 11 11 0
k=10: 0 0 0 11 11 0
i=40
k=1: 0 0 0 11 11 0
k=2: 0 0 0 11 11 0
k=3: 0 0 0 11 11 0
k=4: 0 0 0 11 11 0
k=5: 0 0 0 11 11 0
k=6: 0 0 0 11 11 0
k=7: 0 0 0 11 11 0
k=8: 0 0 0 11 11 0
k=9: 0 0 0 11 11 0
k=10: 0 0 0 11 11 0
i=41
k=1: 0 0 0 0 11 11
k=2: 0 0 0 0 11 11
k=3: 0 0 0 0 11 11
k=4: 0 0 0 0 11 11
k=5: 0 0 0 0 11 11
k=6: 0 0 0 0 11 11
k=7: 0 0 0 0 11 11
k=8: 0 0 0 0 11 11
k=9: 0 0 0 0 11 11
k=10: 0 0 0 0 11 11
i=42
k=1: 0 0 0 11 11 0
k=2: 0 0 0 11 11 0
k=3: 0 0 0 11 11 0
k=4: 0 0 0 11 11 0
k=5: 0 0 0 11 11 0
k=6: 0 0 0 11 11 0
k=7: 0 0 0 11 11 0
k=8: 0 0 0 11 11 0
k=9: 0 0 0 11 11 0
k=10: 0 0 0 11 11 0
i=43
k=1: 0 11 0 0 0 11
k=2: 0 11 0 0 0 11
k=3: 0 11 0 0 0 11
k=4: 0 11 0 0 0 11
k=5: 0 11 0 0 0 11
k=6: 0 11 0 0 0 11
k=7: 0 11 0 0 0 11
k=8: 0 11 0 0 0 11
k=9: 0 11 0 0 0 11
k=10: 0 11 0 0 0 11
i=44
k=1: 0 0 11 0 0 11
k=2: 0 0 11 0 0 11
k=3: 0 0 11 0 0 11
k=4: 0 0 11 0 0 11
k=5: 0 0 11 0 0 11
k=6: 0 0 11 0 0 11
k=7: 0 0 11 0 0 11
k=8: 0 0 11 0 0 11
k=9: 0 0 11 0 0 11
k=10: 0 0 11 0 0 11
i=45
k=1: 0 11 0 0 11 0
k=2: 0 11 0 0 11 0
k=3: 0 11 0 0 11 0
k=4: 0 11 0 0 11 0
k=5: 0 11 0 0 11 0
k=6: 0 11 0 0 11 0
k=7: 0 11 0 0 11 0
k=8: 0 11 0 0 11 0
k=9: 0 11 0 0 11 0
k=10: 0 11 0 0 11 0
i=46
k=1: 11 0 0 0 0 11
k=2: 11 0 0 0 0 11
k=3: 11 0 0 0 0 11
k=4: 11 0 0 0 0 11
k=5: 11 0 0 0 0 11
k=6: 11 0 0 0 0 11
k=7: 11 0 0 0 0 11
k=8: 11 0 0 0 0 11
k=9: 11 0 0 0 0 11
k=10: 11 0 0 0 0 11
i=47
k=1: 0 0 11 11 0 0
k=2: 0 0 11 11 0 0
k=3: 0 0 11 11 0 0
k=4: 0 0 11 11 0 0
k=5: 0 0 11 11 0 0
k=6: 0 0 11 11 0 0
k=7: 0 0 11 11 0 0
k=8: 0 0 11 11 0 0
k=9: 0 0 11 11 0 0
k=10: 0 0 11 11 0 0
i=48
k=1: 0 11 0 0 11 0
k=2: 0 11 0 0 11 0
k=3: 0 11 0 0 11 0
k=4: 0 11 0 0 11 0
k=5: 0 11 0 0 11 0
k=6: 0 11 0 0 11 0
k=7: 0 11 0 0 11 0
k=8: 0 11 0 0 11 0
k=9: 0 11 0 0 11 0
k=10: 0 11 0 0 11 0
i=49
k=1: 0 0 11 0 11 0
k=2: 0 0 11 0 11 0
k=3: 0 0 11 0 11 0
k=4: 0 0 11 0 11 0
k=5: 0 0 11 0 11 0
k=6: 0 0 11 0 11 0
k=7: 0 0 11 0 11 0
k=8: 0 0 11 0 11 0
k=9: 0 0 11 0 11 0
k=10: 0 0 11 0 11 0
i=50
k=1: 0 0 11 11 0 0
