# Instance
name = 10_50_65_15_4

# Sets and Indices
K = 1..10
P = 1..50
T = 1..65
D = {36,37,38,39,40,41,42,43,44,45,46,47,48,49,50}

# Tasks: t -> (i,s) with i in P and s in services
tasks =
1: 1 5
2: 2 3
3: 3 4
4: 4 5
5: 5 5
6: 6 5
7: 7 5
8: 8 6
9: 9 1
10: 10 1
11: 11 1
12: 12 1
13: 13 1
14: 14 2
15: 15 2
16: 16 5
17: 17 4
18: 18 1
19: 19 4
20: 20 4
21: 21 5
22: 22 3
23: 23 4
24: 24 2
25: 25 3
26: 26 3
27: 27 4
28: 28 5
29: 29 1
30: 30 6
31: 31 4
32: 32 4
33: 33 2
34: 34 4
35: 35 4
36: 36 5
37: 36 6
38: 37 4
39: 37 6
40: 38 4
41: 38 5
42: 39 4
43: 39 5
44: 40 5
45: 40 6
46: 41 4
47: 41 5
48: 42 4
49: 42 5
50: 43 1
51: 43 4
52: 44 2
53: 44 6
54: 45 1
55: 45 6
56: 46 2
57: 46 6
58: 47 3
59: 47 5
60: 48 1
61: 48 4
62: 49 2
63: 49 6
64: 50 1
65: 50 4

# Parameters
d_uv =
0 25.495 18.028 45.453 87.556 77.006 17.205 30 78.058 50.249 25.08 67.602 47.539 15 64.846 10.817 51.923 67.365 40.522 61.847 25.942 52.773 79.31 14.213 74.525 33.242 41.11 77.006 59.841 14.866 15.556 19.849 65.765 57.974 41.773 53.666 53.666 77.878 77.878 7.071 7.071 59.093 59.093 17.493 17.493 2.828 2.828 28.636 28.636 79.812 79.812 62.936 62.936 79.057 79.057 6.325 6.325 65.307 65.307 47.127 47.127 40.2 40.2 86.493 86.493 58.524 58.524
25.495 0 22.472 30.265 80.1 76.551 18.601 20.248 78.186 38.013 3 70.711 55.227 13.601 57.315 34.015 59.548 64.56 49.518 55.902 7.28 58.009 68.264 14.56 68.731 15.652 42.19 75.895 64.351 16.155 39.395 40.792 61.847 64.815 26.173 43.012 43.012 66.37 66.37 30 30 49.01 49.01 10.77 10.77 27.893 27.893 17.029 17.029 72.111 72.111 55.326 55.326 77.201 77.201 31.78 31.78 54.083 54.083 55.866 55.866 45.453 45.453 89.894 89.894 44.553 44.553
18.028 22.472 0 29.206 69.635 60.407 28.16 13.892 61.66 32.802 24.207 52.202 34.132 10 46.84 18.601 38.588 50.01 27.803 43.932 17.72 38.079 61.327 9.434 56.719 36.77 24.187 60.208 44.944 7.211 32.757 21.378 48.166 44.294 26.077 35.847 35.847 59.933 59.933 16.279 16.279 41.146 41.146 12.042 12.042 20.616 20.616 35.228 35.228 61.847 61.847 44.922 44.922 62.073 62.073 22.472 22.472 47.413 47.413 34.409 34.409 25.08 25.08 71.47 71.47 41.231 41.231
45.453 30.265 29.206 0 50.636 51.614 47.434 15.556 53.6 8.544 33.242 49.679 42.45 31.064 28.792 47.802 45.541 38.833 40.2 28.653 23.77 41.629 38.053 31.623 40.497 44.102 26.683 50.478 45.793 30.61 60.959 49.193 35.511 48.754 4.123 13.928 13.928 36.125 36.125 45.343 45.343 19.647 19.647 29.53 29.53 48.27 48.27 47.096 47.096 42.755 42.755 26.926 26.926 51.108 51.108 50.931 50.931 24.021 24.021 44.147 44.147 33.377 33.377 67.268 67.268 14.318 14.318
87.556 80.1 69.635 50.636 0 23.409 95.258 61.074 25 42.297 83.096 34.986 51.088 76.531 23.087 84.504 49.497 22.804 56.036 25.71 73.027 44.598 15.62 76.655 13.416 94.641 47.539 21.541 40.46 74.813 101.193 80.498 22.825 46.228 54.452 37.121 37.121 17.804 17.804 84.119 84.119 31.145 31.145 76.236 76.236 89.989 89.989 97.129 97.129 8 8 25.08 25.08 18.974 18.974 91.093 91.093 26.926 26.926 53.151 53.151 51.478 51.478 37 37 37.643 37.643
77.006 76.551 60.407 51.614 23.409 0 88.284 56.303 2.236 43.417 79.379 12.806 32.894 69.232 25 71.449 29.967 12.806 39.294 23.345 69.289 26.249 32.249 69.051 16.492 92.114 36.222 2 20.125 66.91 88.566 65.513 16.279 25.239 54.378 38.288 38.288 33.541 33.541 72.111 72.111 33.971 33.971 69.857 69.857 79.006 79.006 93.005 93.005 22 22 26.249 26.249 4.472 4.472 79.158 79.158 34.132 34.132 34.54 34.54 37.121 37.121 17 17 43.278 43.278
17.205 18.601 28.16 47.434 95.258 88.284 0 34.234 89.627 54.342 16.279 80.362 61.741 19.105 72.173 28.018 66.212 77.318 55.009 70.007 23.77 66.129 84.723 19.235 83.006 18.028 52.173 87.966 73.055 21.378 25.02 37.014 75.107 72.09 43.324 58.856 58.856 82.976 82.976 24.207 24.207 64.777 64.777 19.026 19.026 17.889 17.889 12.166 12.166 87.281 87.281 70.178 70.178 89.677 89.677 21.541 21.541 70.406 70.406 61.717 61.717 53.141 53.141 99.624 99.624 61.685 61.685
30 20.248 13.892 15.556 61.074 56.303 34.234 0 57.94 20.616 23.087 50.774 37.202 16.155 38.013 32.45 41.231 44.385 32.65 36.125 13 38.897 50.695 16.553 49.092 35.847 22.672 55.66 44.822 15.264 45.453 34.785 41.773 45.967 12.207 24.739 24.739 49.041 49.041 29.833 29.833 30.594 30.594 15.297 15.297 32.802 32.802 36.878 36.878 53.085 53.085 36.014 36.014 57.009 57.009 35.384 35.384 36.401 36.401 38.275 38.275 27.203 27.203 69.836 69.836 28.653 28.653
78.058 78.186 61.66 53.6 25 2.236 89.627 57.94 0 45.453 80.994 12.53 33.242 70.612 27.203 72.25 30.083 14.866 39.812 25.456 70.937 26.683 34.366 70.406 18.682 93.776 37.483 4.123 20.248 68.25 89.359 66.098 18.385 25.06 56.303 40.361 40.361 35.693 35.693 73.027 73.027 36.125 36.125 71.309 71.309 80.006 80.006 94.557 94.557 24.021 24.021 28.425 28.425 6.083 6.083 80.056 80.056 36.359 36.359 34.785 34.785 38.013 38.013 14.765 14.765 45.453 45.453
50.249 38.013 32.802 8.544 42.297 43.417 54.342 20.616 45.453 0 41.012 42.438 38.118 36.77 20.248 50.931 40.608 30.61 37.216 20.248 31.145 36.139 30.414 37.162 31.953 52.345 23.087 42.202 39.395 35.777 65.46 50.804 27.203 43.012 12.166 5.385 5.385 28.636 28.636 49.041 49.041 11.18 11.18 35.735 35.735 53 53 55 55 34.366 34.366 18.385 18.385 42.72 42.72 55.218 55.218 16.125 16.125 40.05 40.05 30.15 30.15 59.397 59.397 8.485 8.485
25.08 3 24.207 33.242 83.096 79.379 16.279 23.087 80.994 41.012 0 73.355 57.489 14.765 60.299 34.234 61.847 67.446 51.624 58.856 10.198 60.465 71.253 15.652 71.701 13.038 44.777 78.746 66.888 17.493 38.275 41.485 64.761 67.201 29.155 46.011 46.011 69.354 69.354 30.15 30.15 52.01 52.01 12.207 12.207 27.295 27.295 14.036 14.036 75.107 75.107 58.31 58.31 80.081 80.081 31.257 31.257 57.079 57.079 58.052 58.052 47.802 47.802 92.574 92.574 47.518 47.518
67.602 70.711 52.202 49.679 34.986 12.806 80.362 50.774 12.53 42.438 73.355 0 21.213 61.685 28.443 61 17.72 16 28.071 25 63.632 15 40.448 61.351 24.739 86.354 28.636 14.142 8.062 59.135 78.026 54.332 19.105 12.53 51.624 38.079 38.079 41.195 41.195 62.129 62.129 35.468 35.468 62.769 62.769 69.354 69.354 86.406 86.406 31.623 31.623 28.862 28.862 16.971 16.971 69.065 69.065 37.855 37.855 22.561 22.561 27.459 27.459 19.313 19.313 44.777 44.777
47.539 55.227 34.132 42.45 51.088 32.894 61.741 37.202 33.242 38.118 57.489 21.213 0 44.102 34.886 40.112 4.472 28.32 7.071 30.414 48.795 6.708 50.774 43.566 38.184 70.434 15.811 33.615 13.153 41.34 57.009 33.136 29.069 10.44 42.72 36.056 36.056 50.606 50.606 41.593 41.593 36.878 36.878 45.804 45.804 49.031 49.031 69.34 69.34 45.277 45.277 34.015 34.015 36.249 36.249 48.374 48.374 42.059 42.059 2.236 2.236 10 10 39.205 39.205 44.102 44.102
15 13.601 10 31.064 76.531 69.232 19.105 16.155 70.612 36.77 14.765 61.685 44.102 0 53.46 21.213 48.549 58.215 37.802 51.088 11.402 47.854 66.761 1 64.07 26.907 33.242 68.884 54.626 2.828 30.48 27.295 56.036 54.203 27.203 40.804 40.804 65.146 65.146 17.464 17.464 46.573 46.573 3 3 17.804 17.804 25.239 25.239 68.593 68.593 51.478 51.478 70.576 70.576 21.095 21.095 52.498 52.498 44.407 44.407 34.886 34.886 80.994 80.994 44.721 44.721
64.846 57.315 46.84 28.792 23.087 25 72.173 38.013 27.203 20.248 60.299 28.443 34.886 53.46 0 62.61 35.114 13 37.802 4.472 50.16 29.732 16.279 53.6 11.705 72.18 26.401 23.431 29.155 51.788 78.924 59.641 9.487 34.525 32.28 14.866 14.866 15.811 15.811 61.847 61.847 9.434 9.434 53.151 53.151 67.357 67.357 74.33 74.33 15.133 15.133 2 2 23.345 23.345 68.71 68.71 9.487 9.487 37.121 37.121 31.828 31.828 41.881 41.881 18.385 18.385
10.817 34.015 18.601 47.802 84.504 71.449 28.018 32.45 72.25 50.931 34.234 61 40.112 21.213 62.61 0 44.283 63.063 33.061 59.093 32.558 46 78.032 20.224 71.169 43.658 37 71.701 53.009 19.647 17.117 9.22 61.984 50.359 44.654 53.413 53.413 76.85 76.85 4.123 4.123 58.249 58.249 24.187 24.187 10.63 10.63 39.357 39.357 77.078 77.078 60.828 60.828 73.98 73.98 8.544 8.544 64.637 64.637 39.319 39.319 34.366 34.366 79.31 79.31 59.414 59.414
51.923 59.548 38.588 45.541 49.497 29.967 66.212 41.231 30.083 40.608 61.847 17.72 4.472 48.549 35.114 44.283 0 27.019 11.402 30.676 53.038 5.385 50.537 48.021 37.014 74.813 19.235 30.887 9.849 45.793 61.074 37.014 28.302 6.083 46.098 38.053 38.053 50.567 50.567 45.891 45.891 38.21 38.21 50.22 50.22 53.367 53.367 73.783 73.783 44.204 44.204 34.482 34.482 33.615 33.615 52.612 52.612 42.953 42.953 5 5 14.142 14.142 35.057 35.057 46.011 46.011
67.365 64.56 50.01 38.833 22.804 12.806 77.318 44.385 14.866 30.61 67.446 16 28.32 58.215 13 63.063 27.019 0 33.287 10.63 57.28 21.932 24.739 58.138 10 80.006 26.306 11.662 18.788 56.08 80.05 58.31 3.606 24.597 41.677 25.495 25.495 25.318 25.318 63.151 63.151 21.401 21.401 58.549 58.549 69.584 69.584 81.253 81.253 17.205 17.205 13.892 13.892 12.649 12.649 70.214 70.214 22.472 22.472 30.414 30.414 29.155 29.155 29.206 29.206 30.806 30.806
40.522 49.518 27.803 40.2 56.036 39.294 55.009 32.65 39.812 37.216 51.624 28.071 7.071 37.802 37.802 33.061 11.402 33.287 0 33.422 43.417 13.153 54.037 37.202 42.802 64.444 14.142 39.85 20.025 35 50 26.306 33.422 17.464 39.812 36.139 36.139 53.6 53.6 34.525 34.525 38.079 38.079 39.699 39.699 41.976 41.976 63.008 63.008 49.679 49.679 36.62 36.62 42.379 42.379 41.304 41.304 43.829 43.829 6.708 6.708 7.071 7.071 46.271 46.271 44.147 44.147
61.847 55.902 43.932 28.653 25.71 23.345 70.007 36.125 25.456 20.248 58.856 25 30.414 51.088 4.472 59.093 30.676 10.63 33.422 0 48.662 25.298 20.616 51.157 13 71.063 22.472 22.023 25.02 49.254 75.611 55.758 7.071 30.265 31.78 15 15 20.248 20.248 58.524 58.524 10.817 10.817 51 51 64.288 64.288 72.835 72.835 18.028 18.028 4 4 22.472 22.472 65.46 65.46 13.038 13.038 32.65 32.65 27.586 27.586 39.825 39.825 20.248 20.248
25.942 7.28 17.72 23.77 73.027 69.289 23.77 13 70.937 31.145 10.198 63.632 48.795 11.402 50.16 32.558 53.038 57.28 43.417 48.662 0 51.225 61.522 12.369 61.522 22.847 35.228 68.622 57.428 13.038 41.049 38.013 54.571 58.138 19.647 36.014 36.014 59.682 59.682 28.862 28.862 42.012 42.012 8.544 8.544 28.653 28.653 24.187 24.187 65.031 65.031 48.166 48.166 69.921 69.921 32.202 32.202 47.265 47.265 49.578 49.578 38.897 38.897 82.765 82.765 38.079 38.079
52.773 58.009 38.079 41.629 44.598 26.249 66.129 38.897 26.683 36.139 60.465 15 6.708 47.854 29.732 46 5.385 21.932 13.153 25.298 51.225 0 45.177 47.424 31.89 73.498 16.279 26.926 7.071 45.188 63.032 39.459 23.022 7.211 42.544 33.242 33.242 45.188 45.188 47.17 47.17 33.061 33.061 49.244 49.244 54.452 54.452 72.945 72.945 39.051 39.051 29.12 29.12 29.547 29.547 54.083 54.083 37.656 37.656 8.602 8.602 13 13 33.734 33.734 41.11 41.11
79.31 68.264 61.327 38.053 15.62 32.249 84.723 50.695 34.366 30.414 71.253 40.448 50.774 66.761 16.279 78.032 50.537 24.739 54.037 20.616 61.522 45.177 0 67.052 16 82.006 42.521 30.265 43.324 65.46 93.915 75.604 22.472 49.041 42.107 25.962 25.962 2.236 2.236 76.942 76.942 20.248 20.248 65.97 65.97 81.939 81.939 85.147 85.147 10.77 10.77 17.692 17.692 28.636 28.636 83.63 83.63 14.318 14.318 53 53 48.104 48.104 48.508 48.508 24.021 24.021
14.213 14.56 9.434 31.623 76.655 69.051 19.235 16.553 70.406 37.162 15.652 61.351 43.566 1 53.6 20.224 48.021 58.138 37.202 51.157 12.369 47.424 67.052 0 64.125 27.659 32.985 68.731 54.231 2.236 29.732 26.306 56.009 53.712 27.803 41.11 41.11 65.46 65.46 16.492 16.492 46.84 46.84 4 4 17.029 17.029 25.807 25.807 68.731 68.731 51.624 51.624 70.456 70.456 20.248 20.248 52.811 52.811 43.829 43.829 34.438 34.438 80.654 80.654 45.177 45.177
74.525 68.731 56.719 40.497 13.416 16.492 83.006 49.092 18.682 31.953 71.701 24.739 38.184 64.07 11.705 71.169 37.014 10 42.802 13 61.522 31.89 16 64.125 0 83.744 34.176 14.56 28.653 62.201 87.932 67.082 9.434 34.482 43.966 26.571 26.571 17.117 17.117 70.88 70.88 21.024 21.024 64 64 76.903 76.903 85.709 85.709 7.211 7.211 13.601 13.601 13.416 13.416 77.885 77.885 19.105 19.105 40.311 40.311 38.079 38.079 33.242 33.242 29.411 29.411
33.242 15.652 36.77 44.102 94.641 92.114 18.028 35.847 93.776 52.345 13.038 86.354 70.434 26.907 72.18 43.658 74.813 80.006 64.444 71.063 22.847 73.498 82.006 27.659 83.744 0 57.801 91.417 79.925 29.732 43.046 51.894 77.201 80.212 40.2 57.559 57.559 80 80 39.56 39.56 63.506 63.506 24.759 24.759 34.713 34.713 6.708 6.708 86.701 86.701 70.214 70.214 92.655 92.655 38.639 38.639 68.118 68.118 70.937 70.937 60.803 60.803 105.546 105.546 58 58
41.11 42.19 24.187 26.683 47.539 36.222 52.173 22.672 37.483 23.087 44.777 28.636 15.811 33.242 26.401 37 19.235 26.306 14.142 22.472 35.228 16.279 42.521 32.985 34.176 57.801 0 36.056 22.204 30.806 53.852 33.287 25 23.431 26.926 22.136 22.136 41.725 41.725 36.878 36.878 24.698 24.698 34.176 34.176 43.29 43.29 57.775 57.775 40.249 40.249 24.839 24.839 38 38 43.932 43.932 30.806 30.806 17.464 17.464 7.071 7.071 47.927 47.927 30.083 30.083
77.006 75.895 60.208 50.478 21.541 2 87.966 55.66 4.123 42.202 78.746 14.142 33.615 68.884 23.431 71.701 30.887 11.662 39.85 22.023 68.622 26.926 30.265 68.731 14.56 91.417 36.056 0 21.095 66.611 88.814 65.97 15 26.401 53.339 37.014 37.014 31.575 31.575 72.25 72.25 32.527 32.527 69.426 69.426 79.057 79.057 92.445 92.445 20 20 24.759 24.759 2.828 2.828 79.31 79.31 32.45 32.45 35.341 35.341 37.336 37.336 18.788 18.788 41.773 41.773
59.841 64.351 44.944 45.793 40.46 20.125 73.055 44.822 20.248 39.395 66.888 8.062 13.153 54.626 29.155 53.009 9.849 18.788 20.025 25.02 57.428 7.071 43.324 54.231 28.653 79.925 22.204 21.095 0 52 70.007 46.271 20.881 5.831 47.202 35.735 35.735 43.681 43.681 54.231 54.231 34.366 34.366 55.902 55.902 61.522 61.522 79.605 79.605 35.847 35.847 29.017 29.017 23.854 23.854 61.131 61.131 38 38 14.56 14.56 19.925 19.925 26.683 26.683 43.174 43.174
14.866 16.155 7.211 30.61 74.813 66.91 21.378 15.264 68.25 35.777 17.493 59.135 41.34 2.828 51.788 19.647 45.793 56.08 35 49.254 13.038 45.188 65.46 2.236 62.201 29.732 30.806 66.611 52 0 30.414 25.08 54 51.478 26.907 39.56 39.56 63.906 63.906 16.155 16.155 45.222 45.222 5.385 5.385 17.692 17.692 28.018 28.018 66.91 66.91 49.82 49.82 68.359 68.359 20.616 20.616 51.264 51.264 41.617 41.617 32.202 32.202 78.435 78.435 43.909 43.909
15.556 39.395 32.757 60.959 101.193 88.566 25.02 45.453 89.359 65.46 38.275 78.026 57.009 30.48 78.924 17.117 61.074 80.05 50 75.611 41.049 63.032 93.915 29.732 87.932 43.046 53.852 88.814 70.007 30.414 0 24.331 78.848 67.119 57.315 68.6 68.6 92.59 92.59 17.088 17.088 73.824 73.824 32.802 32.802 12.728 12.728 37.014 37.014 93.638 93.638 77.078 77.078 91.082 91.082 10.296 10.296 80.131 80.131 56.08 56.08 51.478 51.478 96.13 96.13 73.817 73.817
19.849 40.792 21.378 49.193 80.498 65.513 37.014 34.785 66.098 50.804 41.485 54.332 33.136 27.295 59.641 9.22 37.014 58.31 26.306 55.758 38.013 39.459 75.604 26.306 67.082 51.894 33.287 65.97 46.271 25.08 24.331 0 57.697 43 46.615 52.402 52.402 74.653 74.653 12.806 12.806 56.586 56.586 30.265 30.265 19.849 19.849 48.021 48.021 73.43 73.43 58.009 58.009 68.411 68.411 17.493 17.493 62.968 62.968 32.016 32.016 29.155 29.155 72.007 72.007 59.203 59.203
65.765 61.847 48.166 35.511 22.825 16.279 75.107 41.773 18.385 27.203 64.761 19.105 29.069 56.036 9.487 61.984 28.302 3.606 33.422 7.071 54.571 23.022 22.472 56.009 9.434 77.201 25 15 20.881 54 78.848 57.697 0 26.571 38.471 22.023 22.023 22.804 22.804 61.847 61.847 17.804 17.804 56.223 56.223 68.066 68.066 78.645 78.645 16.279 16.279 10.296 10.296 15.652 15.652 68.884 68.884 18.974 18.974 31.241 31.241 28.653 28.653 32.802 32.802 27.203 27.203
57.974 64.815 44.294 48.754 46.228 25.239 72.09 45.967 25.06 43.012 67.201 12.53 10.44 54.203 34.525 50.359 6.083 24.597 17.464 30.265 58.138 7.211 49.041 53.712 34.482 80.212 23.431 26.401 5.831 51.478 67.119 43 26.571 0 49.739 39.812 39.812 49.336 49.336 51.971 51.971 39.051 39.051 55.758 55.758 59.439 59.439 79.404 79.404 41.677 41.677 34.234 34.234 29.206 29.206 58.694 58.694 43.105 43.105 11.045 11.045 19.416 19.416 29.017 29.017 47.518 47.518
41.773 26.173 26.077 4.123 54.452 54.378 43.324 12.207 56.303 12.166 29.155 51.624 42.72 27.203 32.28 44.654 46.098 41.677 39.812 31.78 19.647 42.544 42.107 27.803 43.966 40.2 26.926 53.339 47.202 26.907 57.315 46.615 38.471 49.739 0 17.464 17.464 40.2 40.2 42.012 42.012 23.345 23.345 25.554 25.554 44.598 44.598 43.046 43.046 46.53 46.53 30.364 30.364 54.12 54.12 47.381 47.381 28 28 44.272 44.272 33.242 33.242 69.656 69.656 18.439 18.439
53.666 43.012 35.847 13.928 37.121 38.288 58.856 24.739 40.361 5.385 46.011 38.079 36.056 40.804 14.866 53.413 38.053 25.495 36.139 15 36.014 33.242 25.962 41.11 26.571 57.559 22.136 37.014 35.735 39.56 68.6 52.402 22.023 39.812 17.464 0 0 24.352 24.352 51.865 51.865 6 6 40.025 40.025 56.356 56.356 60.033 60.033 29.155 29.155 13 13 37.443 37.443 58.31 58.31 11.705 11.705 38.118 38.118 29.12 29.12 54.489 54.489 8.062 8.062
53.666 43.012 35.847 13.928 37.121 38.288 58.856 24.739 40.361 5.385 46.011 38.079 36.056 40.804 14.866 53.413 38.053 25.495 36.139 15 36.014 33.242 25.962 41.11 26.571 57.559 22.136 37.014 35.735 39.56 68.6 52.402 22.023 39.812 17.464 0 0 24.352 24.352 51.865 51.865 6 6 40.025 40.025 56.356 56.356 60.033 60.033 29.155 29.155 13 13 37.443 37.443 58.31 58.31 11.705 11.705 38.118 38.118 29.12 29.12 54.489 54.489 8.062 8.062
77.878 66.37 59.933 36.125 17.804 33.541 82.976 49.041 35.693 28.636 69.354 41.195 50.606 65.146 15.811 76.85 50.567 25.318 53.6 20.248 59.682 45.188 2.236 65.46 17.117 80 41.725 31.575 43.681 63.906 92.59 74.653 22.804 49.336 40.2 24.352 24.352 0 0 75.664 75.664 18.788 18.788 64.288 64.288 80.529 80.529 83.217 83.217 12.53 12.53 17.029 17.029 30.083 30.083 82.298 82.298 12.649 12.649 52.839 52.839 47.508 47.508 50 50 22 22
77.878 66.37 59.933 36.125 17.804 33.541 82.976 49.041 35.693 28.636 69.354 41.195 50.606 65.146 15.811 76.85 50.567 25.318 53.6 20.248 59.682 45.188 2.236 65.46 17.117 80 41.725 31.575 43.681 63.906 92.59 74.653 22.804 49.336 40.2 24.352 24.352 0 0 75.664 75.664 18.788 18.788 64.288 64.288 80.529 80.529 83.217 83.217 12.53 12.53 17.029 17.029 30.083 30.083 82.298 82.298 12.649 12.649 52.839 52.839 47.508 47.508 50 50 22 22
7.071 30 16.279 45.343 84.119 72.111 24.207 29.833 73.027 49.041 30.15 62.129 41.593 17.464 61.847 4.123 45.891 63.151 34.525 58.524 28.862 47.17 76.942 16.492 70.88 39.56 36.878 72.25 54.231 16.155 17.088 12.806 61.847 51.971 42.012 51.865 51.865 75.664 75.664 0 0 56.939 56.939 20.396 20.396 7.616 7.616 35.355 35.355 76.551 76.551 60.008 60.008 74.431 74.431 7.071 7.071 63.285 63.285 41 41 35.014 35.014 80.753 80.753 57.489 57.489
7.071 30 16.279 45.343 84.119 72.111 24.207 29.833 73.027 49.041 30.15 62.129 41.593 17.464 61.847 4.123 45.891 63.151 34.525 58.524 28.862 47.17 76.942 16.492 70.88 39.56 36.878 72.25 54.231 16.155 17.088 12.806 61.847 51.971 42.012 51.865 51.865 75.664 75.664 0 0 56.939 56.939 20.396 20.396 7.616 7.616 35.355 35.355 76.551 76.551 60.008 60.008 74.431 74.431 7.071 7.071 63.285 63.285 41 41 35.014 35.014 80.753 80.753 57.489 57.489
59.093 49.01 41.146 19.647 31.145 33.971 64.777 30.594 36.125 11.18 52.01 35.468 36.878 46.573 9.434 58.249 38.21 21.401 38.079 10.817 42.012 33.061 20.248 46.84 21.024 63.506 24.698 32.527 34.366 45.222 73.824 56.586 17.804 39.051 23.345 6 6 18.788 18.788 56.939 56.939 0 0 45.891 45.891 61.741 61.741 66.03 66.03 23.195 23.195 7.81 7.81 32.65 32.65 63.53 63.53 6.403 6.403 39.051 39.051 31.305 31.305 50.606 50.606 9.434 9.434
59.093 49.01 41.146 19.647 31.145 33.971 64.777 30.594 36.125 11.18 52.01 35.468 36.878 46.573 9.434 58.249 38.21 21.401 38.079 10.817 42.012 33.061 20.248 46.84 21.024 63.506 24.698 32.527 34.366 45.222 73.824 56.586 17.804 39.051 23.345 6 6 18.788 18.788 56.939 56.939 0 0 45.891 45.891 61.741 61.741 66.03 66.03 23.195 23.195 7.81 7.81 32.65 32.65 63.53 63.53 6.403 6.403 39.051 39.051 31.305 31.305 50.606 50.606 9.434 9.434
17.493 10.77 12.042 29.53 76.236 69.857 19.026 15.297 71.309 35.735 12.207 62.769 45.804 3 53.151 24.187 50.22 58.549 39.699 51 8.544 49.244 65.97 4 64 24.759 34.176 69.426 55.902 5.385 32.802 30.265 56.223 55.758 25.554 40.025 40.025 64.288 64.288 20.396 20.396 45.891 45.891 0 0 20.248 20.248 23.707 23.707 68.264 68.264 51.157 51.157 71.021 71.021 23.707 23.707 51.662 51.662 46.228 46.228 36.359 36.359 82.079 82.079 43.463 43.463
17.493 10.77 12.042 29.53 76.236 69.857 19.026 15.297 71.309 35.735 12.207 62.769 45.804 3 53.151 24.187 50.22 58.549 39.699 51 8.544 49.244 65.97 4 64 24.759 34.176 69.426 55.902 5.385 32.802 30.265 56.223 55.758 25.554 40.025 40.025 64.288 64.288 20.396 20.396 45.891 45.891 0 0 20.248 20.248 23.707 23.707 68.264 68.264 51.157 51.157 71.021 71.021 23.707 23.707 51.662 51.662 46.228 46.228 36.359 36.359 82.079 82.079 43.463 43.463
2.828 27.893 20.616 48.27 89.989 79.006 17.889 32.802 80.006 53 27.295 69.354 49.031 17.804 67.357 10.63 53.367 69.584 41.976 64.288 28.653 54.452 81.939 17.029 76.903 34.713 43.29 79.057 61.522 17.692 12.728 19.849 68.066 59.439 44.598 56.356 56.356 80.529 80.529 7.616 7.616 61.741 61.741 20.248 20.248 0 0 29.732 29.732 82.28 82.28 65.46 65.46 81.154 81.154 4 4 67.978 67.978 48.508 48.508 42.048 42.048 88.119 88.119 61.294 61.294
2.828 27.893 20.616 48.27 89.989 79.006 17.889 32.802 80.006 53 27.295 69.354 49.031 17.804 67.357 10.63 53.367 69.584 41.976 64.288 28.653 54.452 81.939 17.029 76.903 34.713 43.29 79.057 61.522 17.692 12.728 19.849 68.066 59.439 44.598 56.356 56.356 80.529 80.529 7.616 7.616 61.741 61.741 20.248 20.248 0 0 29.732 29.732 82.28 82.28 65.46 65.46 81.154 81.154 4 4 67.978 67.978 48.508 48.508 42.048 42.048 88.119 88.119 61.294 61.294
28.636 17.029 35.228 47.096 97.129 93.005 12.166 36.878 94.557 55 14.036 86.406 69.34 25.239 74.33 39.357 73.783 81.253 63.008 72.835 24.187 72.945 85.147 25.807 85.709 6.708 57.775 92.445 79.605 28.018 37.014 48.021 78.645 79.404 43.046 60.033 60.033 83.217 83.217 35.355 35.355 66.03 66.03 23.707 23.707 29.732 29.732 0 0 89.14 89.14 72.339 72.339 93.862 93.862 33.526 33.526 71.028 71.028 69.635 69.635 60.033 60.033 105.702 105.702 61.294 61.294
28.636 17.029 35.228 47.096 97.129 93.005 12.166 36.878 94.557 55 14.036 86.406 69.34 25.239 74.33 39.357 73.783 81.253 63.008 72.835 24.187 72.945 85.147 25.807 85.709 6.708 57.775 92.445 79.605 28.018 37.014 48.021 78.645 79.404 43.046 60.033 60.033 83.217 83.217 35.355 35.355 66.03 66.03 23.707 23.707 29.732 29.732 0 0 89.14 89.14 72.339 72.339 93.862 93.862 33.526 33.526 71.028 71.028 69.635 69.635 60.033 60.033 105.702 105.702 61.294 61.294
79.812 72.111 61.847 42.755 8 22 87.281 53.085 24.021 34.366 75.107 31.623 45.277 68.593 15.133 77.078 44.204 17.205 49.679 18.028 65.031 39.051 10.77 68.731 7.211 86.701 40.249 20 35.847 66.91 93.638 73.43 16.279 41.677 46.53 29.155 29.155 12.53 12.53 76.551 76.551 23.195 23.195 68.264 68.264 82.28 82.28 89.14 89.14 0 0 17.117 17.117 18.111 18.111 83.487 83.487 19.313 19.313 47.424 47.424 44.654 44.654 37.855 37.855 30.083 30.083
79.812 72.111 61.847 42.755 8 22 87.281 53.085 24.021 34.366 75.107 31.623 45.277 68.593 15.133 77.078 44.204 17.205 49.679 18.028 65.031 39.051 10.77 68.731 7.211 86.701 40.249 20 35.847 66.91 93.638 73.43 16.279 41.677 46.53 29.155 29.155 12.53 12.53 76.551 76.551 23.195 23.195 68.264 68.264 82.28 82.28 89.14 89.14 0 0 17.117 17.117 18.111 18.111 83.487 83.487 19.313 19.313 47.424 47.424 44.654 44.654 37.855 37.855 30.083 30.083
62.936 55.326 44.922 26.926 25.08 26.249 70.178 36.014 28.425 18.385 58.31 28.862 34.015 51.478 2 60.828 34.482 13.892 36.62 4 48.166 29.12 17.692 51.624 13.601 70.214 24.839 24.759 29.017 49.82 77.078 58.009 10.296 34.234 30.364 13 13 17.029 17.029 60.008 60.008 7.81 7.81 51.157 51.157 65.46 65.46 72.339 72.339 17.117 17.117 0 0 24.839 24.839 66.851 66.851 9.055 9.055 36.249 36.249 30.48 30.48 43.012 43.012 17.029 17.029
62.936 55.326 44.922 26.926 25.08 26.249 70.178 36.014 28.425 18.385 58.31 28.862 34.015 51.478 2 60.828 34.482 13.892 36.62 4 48.166 29.12 17.692 51.624 13.601 70.214 24.839 24.759 29.017 49.82 77.078 58.009 10.296 34.234 30.364 13 13 17.029 17.029 60.008 60.008 7.81 7.81 51.157 51.157 65.46 65.46 72.339 72.339 17.117 17.117 0 0 24.839 24.839 66.851 66.851 9.055 9.055 36.249 36.249 30.48 30.48 43.012 43.012 17.029 17.029
79.057 77.201 62.073 51.108 18.974 4.472 89.677 57.009 6.083 42.72 80.081 16.971 36.249 70.576 23.345 73.98 33.615 12.649 42.379 22.472 69.921 29.547 28.636 70.456 13.416 92.655 38 2.828 23.854 68.359 91.082 68.411 15.652 29.206 54.12 37.443 37.443 30.083 30.083 74.431 74.431 32.65 32.65 71.021 71.021 81.154 81.154 93.862 93.862 18.111 18.111 24.839 24.839 0 0 81.498 81.498 32.016 32.016 38.013 38.013 39.623 39.623 19.925 19.925 41.725 41.725
79.057 77.201 62.073 51.108 18.974 4.472 89.677 57.009 6.083 42.72 80.081 16.971 36.249 70.576 23.345 73.98 33.615 12.649 42.379 22.472 69.921 29.547 28.636 70.456 13.416 92.655 38 2.828 23.854 68.359 91.082 68.411 15.652 29.206 54.12 37.443 37.443 30.083 30.083 74.431 74.431 32.65 32.65 71.021 71.021 81.154 81.154 93.862 93.862 18.111 18.111 24.839 24.839 0 0 81.498 81.498 32.016 32.016 38.013 38.013 39.623 39.623 19.925 19.925 41.725 41.725
6.325 31.78 22.472 50.931 91.093 79.158 21.541 35.384 80.056 55.218 31.257 69.065 48.374 21.095 68.71 8.544 52.612 70.214 41.304 65.46 32.202 54.083 83.63 20.248 77.885 38.639 43.932 79.31 61.131 20.616 10.296 17.493 68.884 58.694 47.381 58.31 58.31 82.298 82.298 7.071 7.071 63.53 63.53 23.707 23.707 4 4 33.526 33.526 83.487 83.487 66.851 66.851 81.498 81.498 0 0 69.836 69.836 47.676 47.676 42.048 42.048 87.573 87.573 63.6 63.6
6.325 31.78 22.472 50.931 91.093 79.158 21.541 35.384 80.056 55.218 31.257 69.065 48.374 21.095 68.71 8.544 52.612 70.214 41.304 65.46 32.202 54.083 83.63 20.248 77.885 38.639 43.932 79.31 61.131 20.616 10.296 17.493 68.884 58.694 47.381 58.31 58.31 82.298 82.298 7.071 7.071 63.53 63.53 23.707 23.707 4 4 33.526 33.526 83.487 83.487 66.851 66.851 81.498 81.498 0 0 69.836 69.836 47.676 47.676 42.048 42.048 87.573 87.573 63.6 63.6
65.307 54.083 47.413 24.021 26.926 34.132 70.406 36.401 36.359 16.125 57.079 37.855 42.059 52.498 9.487 64.637 42.953 22.472 43.829 13.038 47.265 37.656 14.318 52.811 19.105 68.118 30.806 32.45 38 51.264 80.131 62.968 18.974 43.105 28 11.705 11.705 12.649 12.649 63.285 63.285 6.403 6.403 51.662 51.662 67.978 67.978 71.028 71.028 19.313 19.313 9.055 9.055 32.016 32.016 69.836 69.836 0 0 44.272 44.272 37.216 37.216 51.108 51.108 10.77 10.77
65.307 54.083 47.413 24.021 26.926 34.132 70.406 36.401 36.359 16.125 57.079 37.855 42.059 52.498 9.487 64.637 42.953 22.472 43.829 13.038 47.265 37.656 14.318 52.811 19.105 68.118 30.806 32.45 38 51.264 80.131 62.968 18.974 43.105 28 11.705 11.705 12.649 12.649 63.285 63.285 6.403 6.403 51.662 51.662 67.978 67.978 71.028 71.028 19.313 19.313 9.055 9.055 32.016 32.016 69.836 69.836 0 0 44.272 44.272 37.216 37.216 51.108 51.108 10.77 10.77
47.127 55.866 34.409 44.147 53.151 34.54 61.717 38.275 34.785 40.05 58.052 22.561 2.236 44.407 37.121 39.319 5 30.414 6.708 32.65 49.578 8.602 53 43.829 40.311 70.937 17.464 35.341 14.56 41.617 56.08 32.016 31.241 11.045 44.272 38.118 38.118 52.839 52.839 41 41 39.051 39.051 46.228 46.228 48.508 48.508 69.635 69.635 47.424 47.424 36.249 36.249 38.013 38.013 47.676 47.676 44.272 44.272 0 0 11.18 11.18 40.05 40.05 46.174 46.174
47.127 55.866 34.409 44.147 53.151 34.54 61.717 38.275 34.785 40.05 58.052 22.561 2.236 44.407 37.121 39.319 5 30.414 6.708 32.65 49.578 8.602 53 43.829 40.311 70.937 17.464 35.341 14.56 41.617 56.08 32.016 31.241 11.045 44.272 38.118 38.118 52.839 52.839 41 41 39.051 39.051 46.228 46.228 48.508 48.508 69.635 69.635 47.424 47.424 36.249 36.249 38.013 38.013 47.676 47.676 44.272 44.272 0 0 11.18 11.18 40.05 40.05 46.174 46.174
40.2 45.453 25.08 33.377 51.478 37.121 53.141 27.203 38.013 30.15 47.802 27.459 10 34.886 31.828 34.366 14.142 29.155 7.071 27.586 38.897 13 48.104 34.438 38.079 60.803 7.071 37.336 19.925 32.202 51.478 29.155 28.653 19.416 33.242 29.12 29.12 47.508 47.508 35.014 35.014 31.305 31.305 36.359 36.359 42.048 42.048 60.033 60.033 44.654 44.654 30.48 30.48 39.623 39.623 42.048 42.048 37.216 37.216 11.18 11.18 0 0 46.573 46.573 37.108 37.108
40.2 45.453 25.08 33.377 51.478 37.121 53.141 27.203 38.013 30.15 47.802 27.459 10 34.886 31.828 34.366 14.142 29.155 7.071 27.586 38.897 13 48.104 34.438 38.079 60.803 7.071 37.336 19.925 32.202 51.478 29.155 28.653 19.416 33.242 29.12 29.12 47.508 47.508 35.014 35.014 31.305 31.305 36.359 36.359 42.048 42.048 60.033 60.033 44.654 44.654 30.48 30.48 39.623 39.623 42.048 42.048 37.216 37.216 11.18 11.18 0 0 46.573 46.573 37.108 37.108
86.493 89.894 71.47 67.268 37 17 99.624 69.836 14.765 59.397 92.574 19.313 39.205 80.994 41.881 79.31 35.057 29.206 46.271 39.825 82.765 33.734 48.508 80.654 33.242 105.546 47.927 18.788 26.683 78.435 96.13 72.007 32.802 29.017 69.656 54.489 54.489 50 50 80.753 80.753 50.606 50.606 82.079 82.079 88.119 88.119 105.702 105.702 37.855 37.855 43.012 43.012 19.925 19.925 87.573 87.573 51.108 51.108 40.05 40.05 46.573 46.573 0 0 60 60
86.493 89.894 71.47 67.268 37 17 99.624 69.836 14.765 59.397 92.574 19.313 39.205 80.994 41.881 79.31 35.057 29.206 46.271 39.825 82.765 33.734 48.508 80.654 33.242 105.546 47.927 18.788 26.683 78.435 96.13 72.007 32.802 29.017 69.656 54.489 54.489 50 50 80.753 80.753 50.606 50.606 82.079 82.079 88.119 88.119 105.702 105.702 37.855 37.855 43.012 43.012 19.925 19.925 87.573 87.573 51.108 51.108 40.05 40.05 46.573 46.573 0 0 60 60
58.524 44.553 41.231 14.318 37.643 43.278 61.685 28.653 45.453 8.485 47.518 44.777 44.102 44.721 18.385 59.414 46.011 30.806 44.147 20.248 38.079 41.11 24.021 45.177 29.411 58 30.083 41.773 43.174 43.909 73.817 59.203 27.203 47.518 18.439 8.062 8.062 22 22 57.489 57.489 9.434 9.434 43.463 43.463 61.294 61.294 61.294 61.294 30.083 30.083 17.029 17.029 41.725 41.725 63.6 63.6 10.77 10.77 46.174 46.174 37.108 37.108 60 60 0 0
58.524 44.553 41.231 14.318 37.643 43.278 61.685 28.653 45.453 8.485 47.518 44.777 44.102 44.721 18.385 59.414 46.011 30.806 44.147 20.248 38.079 41.11 24.021 45.177 29.411 58 30.083 41.773 43.174 43.909 73.817 59.203 27.203 47.518 18.439 8.062 8.062 22 22 57.489 57.489 9.434 9.434 43.463 43.463 61.294 61.294 61.294 61.294 30.083 30.083 17.029 17.029 41.725 41.725 63.6 63.6 10.77 10.77 46.174 46.174 37.108 37.108 60 60 0 0

# e_i and l_i: first and last entries denote the depot time-window.
e_i = 0 76 44 45 124 100 334 448 329 450 174 0 432 468 271 415 382 321 18 267 39 82 404 3 91 158 404 279 280 336 371 123 153 439 51 135 332 298 66 366 194 245 80 153 447 133 475 352 369 76 12 0
l_i = 1712.7 196 164 165 244 220 454 568 449 570 294 120 552 588 391 535 502 441 138 387 159 202 524 123 211 278 524 399 400 456 491 243 273 559 171 255 452 418 186 486 314 365 200 273 567 253 595 472 489 196 132 1712.7

# p_i^{k,s}: first and last entries for i denote the depot.
p_i^{k,s} =
i=0
k=1: 0 0 0 0 0 0
k=2: 0 0 0 0 0 0
k=3: 0 0 0 0 0 0
k=4: 0 0 0 0 0 0
k=5: 0 0 0 0 0 0
k=6: 0 0 0 0 0 0
k=7: 0 0 0 0 0 0
k=8: 0 0 0 0 0 0
k=9: 0 0 0 0 0 0
k=10: 0 0 0 0 0 0
i=1
k=1: 0 0 0 0 12 0
k=2: 0 0 0 0 12 0
k=3: 0 0 0 0 12 0
k=4: 0 0 0 0 12 0
k=5: 0 0 0 0 12 0
k=6: 0 0 0 0 12 0
k=7: 0 0 0 0 12 0
k=8: 0 0 0 0 12 0
k=9: 0 0 0 0 12 0
k=10: 0 0 0 0 12 0
i=2
k=1: 0 0 12 0 0 0
k=2: 0 0 12 0 0 0
k=3: 0 0 12 0 0 0
k=4: 0 0 12 0 0 0
k=5: 0 0 12 0 0 0
k=6: 0 0 12 0 0 0
k=7: 0 0 12 0 0 0
k=8: 0 0 12 0 0 0
k=9: 0 0 12 0 0 0
k=10: 0 0 12 0 0 0
i=3
k=1: 0 0 0 12 0 0
k=2: 0 0 0 12 0 0
k=3: 0 0 0 12 0 0
k=4: 0 0 0 12 0 0
k=5: 0 0 0 12 0 0
k=6: 0 0 0 12 0 0
k=7: 0 0 0 12 0 0
k=8: 0 0 0 12 0 0
k=9: 0 0 0 12 0 0
k=10: 0 0 0 12 0 0
i=4
k=1: 0 0 0 0 12 0
k=2: 0 0 0 0 12 0
k=3: 0 0 0 0 12 0
k=4: 0 0 0 0 12 0
k=5: 0 0 0 0 12 0
k=6: 0 0 0 0 12 0
k=7: 0 0 0 0 12 0
k=8: 0 0 0 0 12 0
k=9: 0 0 0 0 12 0
k=10: 0 0 0 0 12 0
i=5
k=1: 0 0 0 0 12 0
k=2: 0 0 0 0 12 0
k=3: 0 0 0 0 12 0
k=4: 0 0 0 0 12 0
k=5: 0 0 0 0 12 0
k=6: 0 0 0 0 12 0
k=7: 0 0 0 0 12 0
k=8: 0 0 0 0 12 0
k=9: 0 0 0 0 12 0
k=10: 0 0 0 0 12 0
i=6
k=1: 0 0 0 0 12 0
k=2: 0 0 0 0 12 0
k=3: 0 0 0 0 12 0
k=4: 0 0 0 0 12 0
k=5: 0 0 0 0 12 0
k=6: 0 0 0 0 12 0
k=7: 0 0 0 0 12 0
k=8: 0 0 0 0 12 0
k=9: 0 0 0 0 12 0
k=10: 0 0 0 0 12 0
i=7
k=1: 0 0 0 0 12 0
k=2: 0 0 0 0 12 0
k=3: 0 0 0 0 12 0
k=4: 0 0 0 0 12 0
k=5: 0 0 0 0 12 0
k=6: 0 0 0 0 12 0
k=7: 0 0 0 0 12 0
k=8: 0 0 0 0 12 0
k=9: 0 0 0 0 12 0
k=10: 0 0 0 0 12 0
i=8
k=1: 0 0 0 0 0 12
k=2: 0 0 0 0 0 12
k=3: 0 0 0 0 0 12
k=4: 0 0 0 0 0 12
k=5: 0 0 0 0 0 12
k=6: 0 0 0 0 0 12
k=7: 0 0 0 0 0 12
k=8: 0 0 0 0 0 12
k=9: 0 0 0 0 0 12
k=10: 0 0 0 0 0 12
i=9
k=1: 12 0 0 0 0 0
k=2: 12 0 0 0 0 0
k=3: 12 0 0 0 0 0
k=4: 12 0 0 0 0 0
k=5: 12 0 0 0 0 0
k=6: 12 0 0 0 0 0
k=7: 12 0 0 0 0 0
k=8: 12 0 0 0 0 0
k=9: 12 0 0 0 0 0
k=10: 12 0 0 0 0 0
i=10
k=1: 12 0 0 0 0 0
k=2: 12 0 0 0 0 0
k=3: 12 0 0 0 0 0
k=4: 12 0 0 0 0 0
k=5: 12 0 0 0 0 0
k=6: 12 0 0 0 0 0
k=7: 12 0 0 0 0 0
k=8: 12 0 0 0 0 0
k=9: 12 0 0 0 0 0
k=10: 12 0 0 0 0 0
i=11
k=1: 12 0 0 0 0 0
k=2: 12 0 0 0 0 0
k=3: 12 0 0 0 0 0
k=4: 12 0 0 0 0 0
k=5: 12 0 0 0 0 0
k=6: 12 0 0 0 0 0
k=7: 12 0 0 0 0 0
k=8: 12 0 0 0 0 0
k=9: 12 0 0 0 0 0
k=10: 12 0 0 0 0 0
i=12
k=1: 12 0 0 0 0 0
k=2: 12 0 0 0 0 0
k=3: 12 0 0 0 0 0
k=4: 12 0 0 0 0 0
k=5: 12 0 0 0 0 0
k=6: 12 0 0 0 0 0
k=7: 12 0 0 0 0 0
k=8: 12 0 0 0 0 0
k=9: 12 0 0 0 0 0
k=10: 12 0 0 0 0 0
i=13
k=1: 12 0 0 0 0 0
k=2: 12 0 0 0 0 0
k=3: 12 0 0 0 0 0
k=4: 12 0 0 0 0 0
k=5: 12 0 0 0 0 0
k=6: 12 0 0 0 0 0
k=7: 12 0 0 0 0 0
k=8: 12 0 0 0 0 0
k=9: 12 0 0 0 0 0
k=10: 12 0 0 0 0 0
i=14
k=1: 0 12 0 0 0 0
k=2: 0 12 0 0 0 0
k=3: 0 12 0 0 0 0
k=4: 0 12 0 0 0 0
k=5: 0 12 0 0 0 0
k=6: 0 12 0 0 0 0
k=7: 0 12 0 0 0 0
k=8: 0 12 0 0 0 0
k=9: 0 12 0 0 0 0
k=10: 0 12 0 0 0 0
i=15
k=1: 0 12 0 0 0 0
k=2: 0 12 0 0 0 0
k=3: 0 12 0 0 0 0
k=4: 0 12 0 0 0 0
k=5: 0 12 0 0 0 0
k=6: 0 12 0 0 0 0
k=7: 0 12 0 0 0 0
k=8: 0 12 0 0 0 0
k=9: 0 12 0 0 0 0
k=10: 0 12 0 0 0 0
i=16
k=1: 0 0 0 0 12 0
k=2: 0 0 0 0 12 0
k=3: 0 0 0 0 12 0
k=4: 0 0 0 0 12 0
k=5: 0 0 0 0 12 0
k=6: 0 0 0 0 12 0
k=7: 0 0 0 0 12 0
k=8: 0 0 0 0 12 0
k=9: 0 0 0 0 12 0
k=10: 0 0 0 0 12 0
i=17
k=1: 0 0 0 12 0 0
k=2: 0 0 0 12 0 0
k=3: 0 0 0 12 0 0
k=4: 0 0 0 12 0 0
k=5: 0 0 0 12 0 0
k=6: 0 0 0 12 0 0
k=7: 0 0 0 12 0 0
k=8: 0 0 0 12 0 0
k=9: 0 0 0 12 0 0
k=10: 0 0 0 12 0 0
i=18
k=1: 12 0 0 0 0 0
k=2: 12 0 0 0 0 0
k=3: 12 0 0 0 0 0
k=4: 12 0 0 0 0 0
k=5: 12 0 0 0 0 0
k=6: 12 0 0 0 0 0
k=7: 12 0 0 0 0 0
k=8: 12 0 0 0 0 0
k=9: 12 0 0 0 0 0
k=10: 12 0 0 0 0 0
i=19
k=1: 0 0 0 12 0 0
k=2: 0 0 0 12 0 0
k=3: 0 0 0 12 0 0
k=4: 0 0 0 12 0 0
k=5: 0 0 0 12 0 0
k=6: 0 0 0 12 0 0
k=7: 0 0 0 12 0 0
k=8: 0 0 0 12 0 0
k=9: 0 0 0 12 0 0
k=10: 0 0 0 12 0 0
i=20
k=1: 0 0 0 12 0 0
k=2: 0 0 0 12 0 0
k=3: 0 0 0 12 0 0
k=4: 0 0 0 12 0 0
k=5: 0 0 0 12 0 0
k=6: 0 0 0 12 0 0
k=7: 0 0 0 12 0 0
k=8: 0 0 0 12 0 0
k=9: 0 0 0 12 0 0
k=10: 0 0 0 12 0 0
i=21
k=1: 0 0 0 0 12 0
k=2: 0 0 0 0 12 0
k=3: 0 0 0 0 12 0
k=4: 0 0 0 0 12 0
k=5: 0 0 0 0 12 0
k=6: 0 0 0 0 12 0
k=7: 0 0 0 0 12 0
k=8: 0 0 0 0 12 0
k=9: 0 0 0 0 12 0
k=10: 0 0 0 0 12 0
i=22
k=1: 0 0 12 0 0 0
k=2: 0 0 12 0 0 0
k=3: 0 0 12 0 0 0
k=4: 0 0 12 0 0 0
k=5: 0 0 12 0 0 0
k=6: 0 0 12 0 0 0
k=7: 0 0 12 0 0 0
k=8: 0 0 12 0 0 0
k=9: 0 0 12 0 0 0
k=10: 0 0 12 0 0 0
i=23
k=1: 0 0 0 12 0 0
k=2: 0 0 0 12 0 0
k=3: 0 0 0 12 0 0
k=4: 0 0 0 12 0 0
k=5: 0 0 0 12 0 0
k=6: 0 0 0 12 0 0
k=7: 0 0 0 12 0 0
k=8: 0 0 0 12 0 0
k=9: 0 0 0 12 0 0
k=10: 0 0 0 12 0 0
i=24
k=1: 0 12 0 0 0 0
k=2: 0 12 0 0 0 0
k=3: 0 12 0 0 0 0
k=4: 0 12 0 0 0 0
k=5: 0 12 0 0 0 0
k=6: 0 12 0 0 0 0
k=7: 0 12 0 0 0 0
k=8: 0 12 0 0 0 0
k=9: 0 12 0 0 0 0
k=10: 0 12 0 0 0 0
i=25
k=1: 0 0 12 0 0 0
k=2: 0 0 12 0 0 0
k=3: 0 0 12 0 0 0
k=4: 0 0 12 0 0 0
k=5: 0 0 12 0 0 0
k=6: 0 0 12 0 0 0
k=7: 0 0 12 0 0 0
k=8: 0 0 12 0 0 0
k=9: 0 0 12 0 0 0
k=10: 0 0 12 0 0 0
i=26
k=1: 0 0 12 0 0 0
k=2: 0 0 12 0 0 0
k=3: 0 0 12 0 0 0
k=4: 0 0 12 0 0 0
k=5: 0 0 12 0 0 0
k=6: 0 0 12 0 0 0
k=7: 0 0 12 0 0 0
k=8: 0 0 12 0 0 0
k=9: 0 0 12 0 0 0
k=10: 0 0 12 0 0 0
i=27
k=1: 0 0 0 12 0 0
k=2: 0 0 0 12 0 0
k=3: 0 0 0 12 0 0
k=4: 0 0 0 12 0 0
k=5: 0 0 0 12 0 0
k=6: 0 0 0 12 0 0
k=7: 0 0 0 12 0 0
k=8: 0 0 0 12 0 0
k=9: 0 0 0 12 0 0
k=10: 0 0 0 12 0 0
i=28
k=1: 0 0 0 0 12 0
k=2: 0 0 0 0 12 0
k=3: 0 0 0 0 12 0
k=4: 0 0 0 0 12 0
k=5: 0 0 0 0 12 0
k=6: 0 0 0 0 12 0
k=7: 0 0 0 0 12 0
k=8: 0 0 0 0 12 0
k=9: 0 0 0 0 12 0
k=10: 0 0 0 0 12 0
i=29
k=1: 12 0 0 0 0 0
k=2: 12 0 0 0 0 0
k=3: 12 0 0 0 0 0
k=4: 12 0 0 0 0 0
k=5: 12 0 0 0 0 0
k=6: 12 0 0 0 0 0
k=7: 12 0 0 0 0 0
k=8: 12 0 0 0 0 0
k=9: 12 0 0 0 0 0
k=10: 12 0 0 0 0 0
i=30
k=1: 0 0 0 0 0 12
k=2: 0 0 0 0 0 12
k=3: 0 0 0 0 0 12
k=4: 0 0 0 0 0 12
k=5: 0 0 0 0 0 12
k=6: 0 0 0 0 0 12
k=7: 0 0 0 0 0 12
k=8: 0 0 0 0 0 12
k=9: 0 0 0 0 0 12
k=10: 0 0 0 0 0 12
i=31
k=1: 0 0 0 12 0 0
k=2: 0 0 0 12 0 0
k=3: 0 0 0 12 0 0
k=4: 0 0 0 12 0 0
k=5: 0 0 0 12 0 0
k=6: 0 0 0 12 0 0
k=7: 0 0 0 12 0 0
k=8: 0 0 0 12 0 0
k=9: 0 0 0 12 0 0
k=10: 0 0 0 12 0 0
i=32
k=1: 0 0 0 12 0 0
k=2: 0 0 0 12 0 0
k=3: 0 0 0 12 0 0
k=4: 0 0 0 12 0 0
k=5: 0 0 0 12 0 0
k=6: 0 0 0 12 0 0
k=7: 0 0 0 12 0 0
k=8: 0 0 0 12 0 0
k=9: 0 0 0 12 0 0
k=10: 0 0 0 12 0 0
i=33
k=1: 0 12 0 0 0 0
k=2: 0 12 0 0 0 0
k=3: 0 12 0 0 0 0
k=4: 0 12 0 0 0 0
k=5: 0 12 0 0 0 0
k=6: 0 12 0 0 0 0
k=7: 0 12 0 0 0 0
k=8: 0 12 0 0 0 0
k=9: 0 12 0 0 0 0
k=10: 0 12 0 0 0 0
i=34
k=1: 0 0 0 12 0 0
k=2: 0 0 0 12 0 0
k=3: 0 0 0 12 0 0
k=4: 0 0 0 12 0 0
k=5: 0 0 0 12 0 0
k=6: 0 0 0 12 0 0
k=7: 0 0 0 12 0 0
k=8: 0 0 0 12 0 0
k=9: 0 0 0 12 0 0
k=10: 0 0 0 12 0 0
i=35
k=1: 0 0 0 12 0 0
k=2: 0 0 0 12 0 0
k=3: 0 0 0 12 0 0
k=4: 0 0 0 12 0 0
k=5: 0 0 0 12 0 0
k=6: 0 0 0 12 0 0
k=7: 0 0 0 12 0 0
k=8: 0 0 0 12 0 0
k=9: 0 0 0 12 0 0
k=10: 0 0 0 12 0 0
i=36
k=1: 0 0 0 0 12 12
k=2: 0 0 0 0 12 12
k=3: 0 0 0 0 12 12
k=4: 0 0 0 0 12 12
k=5: 0 0 0 0 12 12
k=6: 0 0 0 0 12 12
k=7: 0 0 0 0 12 12
k=8: 0 0 0 0 12 12
k=9: 0 0 0 0 12 12
k=10: 0 0 0 0 12 12
i=37
k=1: 0 0 0 12 0 12
k=2: 0 0 0 12 0 12
k=3: 0 0 0 12 0 12
k=4: 0 0 0 12 0 12
k=5: 0 0 0 12 0 12
k=6: 0 0 0 12 0 12
k=7: 0 0 0 12 0 12
k=8: 0 0 0 12 0 12
k=9: 0 0 0 12 0 12
k=10: 0 0 0 12 0 12
i=38
k=1: 0 0 0 12 12 0
k=2: 0 0 0 12 12 0
k=3: 0 0 0 12 12 0
k=4: 0 0 0 12 12 0
k=5: 0 0 0 12 12 0
k=6: 0 0 0 12 12 0
k=7: 0 0 0 12 12 0
k=8: 0 0 0 12 12 0
k=9: 0 0 0 12 12 0
k=10: 0 0 0 12 12 0
i=39
k=1: 0 0 0 12 12 0
k=2: 0 0 0 12 12 0
k=3: 0 0 0 12 12 0
k=4: 0 0 0 12 12 0
k=5: 0 0 0 12 12 0
k=6: 0 0 0 12 12 0
k=7: 0 0 0 12 12 0
k=8: 0 0 0 12 12 0
k=9: 0 0 0 12 12 0
k=10: 0 0 0 12 12 0
i=40
k=1: 0 0 0 0 12 12
k=2: 0 0 0 0 12 12
k=3: 0 0 0 0 12 12
k=4: 0 0 0 0 12 12
k=5: 0 0 0 0 12 12
k=6: 0 0 0 0 12 12
k=7: 0 0 0 0 12 12
k=8: 0 0 0 0 12 12
k=9: 0 0 0 0 12 12
k=10: 0 0 0 0 12 12
i=41
k=1: 0 0 0 12 12 0
k=2: 0 0 0 12 12 0
k=3: 0 0 0 12 12 0
k=4: 0 0 0 12 12 0
k=5: 0 0 0 12 12 0
k=6: 0 0 0 12 12 0
k=7: 0 0 0 12 12 0
k=8: 0 0 0 12 12 0
k=9: 0 0 0 12 12 0
k=10: 0 0 0 12 12 0
i=42
k=1: 0 0 0 12 12 0
k=2: 0 0 0 12 12 0
k=3: 0 0 0 12 12 0
k=4: 0 0 0 12 12 0
k=5: 0 0 0 12 12 0
k=6: 0 0 0 12 12 0
k=7: 0 0 0 12 12 0
k=8: 0 0 0 12 12 0
k=9: 0 0 0 12 12 0
k=10: 0 0 0 12 12 0
i=43
k=1: 12 0 0 12 0 0
k=2: 12 0 0 12 0 0
k=3: 12 0 0 12 0 0
k=4: 12 0 0 12 0 0
k=5: 12 0 0 12 0 0
k=6: 12 0 0 12 0 0
k=7: 12 0 0 12 0 0
k=8: 12 0 0 12 0 0
k=9: 12 0 0 12 0 0
k=10: 12 0 0 12 0 0
i=44
k=1: 0 12 0 0 0 12
k=2: 0 12 0 0 0 12
k=3: 0 12 0 0 0 12
k=4: 0 12 0 0 0 12
k=5: 0 12 0 0 0 12
k=6: 0 12 0 0 0 12
k=7: 0 12 0 0 0 12
k=8: 0 12 0 0 0 12
k=9: 0 12 0 0 0 12
k=10: 0 12 0 0 0 12
i=45
k=1: 12 0 0 0 0 12
k=2: 12 0 0 0 0 12
k=3: 12 0 0 0 0 12
k=4: 12 0 0 0 0 12
k=5: 12 0 0 0 0 12
k=6: 12 0 0 0 0 12
k=7: 12 0 0 0 0 12
k=8: 12 0 0 0 0 12
k=9: 12 0 0 0 0 12
k=10: 12 0 0 0 0 12
i=46
k=1: 0 12 0 0 0 12
k=2: 0 12 0 0 0 12
k=3: 0 12 0 0 0 12
k=4: 0 12 0 0 0 12
k=5: 0 12 0 0 0 12
k=6: 0 12 0 0 0 12
k=7: 0 12 0 0 0 12
k=8: 0 12 0 0 0 12
k=9: 0 12 0 0 0 12
k=10: 0 12 0 0 0 12
i=47
k=1: 0 0 12 0 12 0
k=2: 0 0 12 0 12 0
k=3: 0 0 12 0 12 0
k=4: 0 0 12 0 12 0
k=5: 0 0 12 0 12 0
k=6: 0 0 12 0 12 0
k=7: 0 0 12 0 12 0
k=8: 0 0 12 0 12 0
k=9: 0 0 12 0 12 0
k=10: 0 0 12 0 12 0
i=48
k=1: 12 0 0 12 0 0
k=2: 12 0 0 12 0 0
k=3: 12 0 0 12 0 0
k=4: 12 0 0 12 0 0
k=5: 12 0 0 12 0 0
k=6: 12 0 0 12 0 0
k=7: 12 0 0 12 0 0
k=8: 12 0 0 12 0 0
k=9: 12 0 0 12 0 0
k=10: 12 0 0 12 0 0
i=49
k=1: 0 12 0 0 0 12
k=2: 0 12 0 0 0 12
k=3: 0 12 0 0 0 12
