# Instance
name = 10_50_65_15_3

# Sets and Indices
K = 1..10
P = 1..50
T = 1..65
D = {36,37,38,39,40,41,42,43,44,45,46,47,48,49,50}

# Tasks: t -> (i,s) with i in P and s in services
tasks =
1: 1 3
2: 2 5
3: 3 4
4: 4 5
5: 5 4
6: 6 4
7: 7 2
8: 8 5
9: 9 1
10: 10 2
11: 11 3
12: 12 3
13: 13 3
14: 14 3
15: 15 3
16: 16 1
17: 17 2
18: 18 1
19: 19 5
20: 20 1
21: 21 6
22: 22 6
23: 23 5
24: 24 2
25: 25 2
26: 26 4
27: 27 4
28: 28 4
29: 29 6
30: 30 6
31: 31 5
32: 32 4
33: 33 1
34: 34 3
35: 35 4
36: 36 4
37: 36 6
38: 37 4
39: 37 5
40: 38 5
41: 38 6
42: 39 5
43: 39 6
44: 40 5
45: 40 6
46: 41 4
47: 41 6
48: 42 4
49: 42 5
50: 43 3
51: 43 5
52: 44 1
53: 44 5
54: 45 2
55: 45 5
56: 46 1
57: 46 4
58: 47 1
59: 47 5
60: 48 1
61: 48 4
62: 49 1
63: 49 4
64: 50 3
65: 50 5

# Parameters
d_uv =
0 67.052 12.806 61.131 89.202 49.497 59.841 67.268 59.682 72.339 22.472 44.407 35.511 66.03 79.511 91.662 51.039 79.057 82.201 32.016 96.768 61.351 27.166 67.119 42.202 50 76.158 61.27 83.863 83.6 26.42 33.541 74.007 45.277 24.515 44.553 44.553 56.886 56.886 72.062 72.062 96.881 96.881 54.037 54.037 9.434 9.434 73.062 73.062 95.525 95.525 80.604 80.604 5.385 5.385 91.662 91.662 62.642 62.642 85.703 85.703 20.1 20.1 36.125 36.125 59 59
67.052 0 63.53 6.403 36.069 30.887 11.18 33.061 29.428 15.264 55.218 28.636 34.015 22.091 32.65 41.11 23.77 22.672 18.028 39 29.732 6 61.4 8.544 25.08 24.413 11.662 11.402 20.616 21.471 41.593 59.439 21.471 32.894 47.17 23.854 23.854 12.806 12.806 18.788 18.788 31.016 31.016 26.077 26.077 57.974 57.974 19.235 19.235 32.573 32.573 15.524 15.524 67.683 67.683 28.46 28.46 4.472 4.472 18.788 18.788 47.539 47.539 68.884 68.884 20.616 20.616
12.806 63.53 0 57.245 81.099 41.11 54.781 58.078 51.01 66.219 11.18 45.607 36.401 58.549 71.007 83.006 51.74 72.18 76.844 34.482 93.038 58.31 37.336 65.215 38.588 43.174 73.783 59.816 78.16 77.621 27.459 43.046 66.91 48.021 16.763 39.812 39.812 52 52 65.307 65.307 91.706 91.706 55.606 55.606 15 15 66.287 66.287 89.269 89.269 75.611 75.611 18.028 18.028 85.615 85.615 59.059 59.059 82.298 82.298 16.971 16.971 47.297 47.297 51.971 51.971
61.131 6.403 57.245 0 37.202 25.08 6 29.833 25 15.811 48.826 25.08 29.155 19.313 32.016 41.869 21.401 23.854 22.091 34.234 35.847 4.123 57.07 12.166 18.974 18.358 17.804 11.705 24.331 24.739 36.125 55.66 21.213 30.017 40.817 17.493 17.493 6.708 6.708 18.385 18.385 36.125 36.125 24.759 24.759 52.173 52.173 19.105 19.105 36.497 36.497 20 20 61.984 61.984 32.388 32.388 2.236 2.236 25.06 25.06 41.437 41.437 65.146 65.146 16 16
89.202 36.069 81.099 37.202 0 40.012 34 24.042 30.15 21.401 70.257 61.911 64.078 23.345 10.44 5.385 58.6 13.454 21.541 69.08 36.125 40.46 92.114 44.045 50.596 39.459 40.706 47.381 18.974 17.088 68.68 91.706 16.553 67.119 65.008 46.84 46.84 36.674 36.674 19.235 19.235 25.71 25.71 61.717 61.717 81.744 81.744 18.358 18.358 17.088 17.088 24.166 24.166 91.662 91.662 17.117 17.117 37.643 37.643 34.928 34.928 69.462 69.462 101.134 101.134 30.594 30.594
49.497 30.887 41.11 25.08 40.012 0 19.723 18.028 10.198 26.926 30.414 35.468 32.202 17.72 30.067 42.19 36.674 31.623 38.275 36.125 56.727 28.46 57.201 37 18.788 7.071 42.544 34.525 38.949 38.013 32.802 58.728 26.249 41.231 25.08 14.866 14.866 18.385 18.385 25.08 25.08 52.839 52.839 41.593 41.593 42.72 42.72 26 26 49.041 49.041 37.802 37.802 52.393 52.393 45.695 45.695 27.313 27.313 47.424 47.424 30.364 30.364 67.476 67.476 12.207 12.207
59.841 11.18 54.781 6 34 19.723 0 24.042 19 13.342 45.651 28.018 30.364 13.892 27.586 38.275 25.495 21.19 22.361 35.44 38.588 10.05 58.524 18.111 18 13.454 22.825 17.464 24.083 24 36.125 57.775 17.493 33.422 38.079 15.297 15.297 3 3 14.765 14.765 37.108 37.108 29.411 29.411 51.245 51.245 15.652 15.652 36 36 20.881 20.881 61.205 61.205 32.016 32.016 8.062 8.062 28.425 28.425 39.812 39.812 67.231 67.231 10 10
67.268 33.061 58.078 29.833 24.042 18.028 24.042 0 8.062 20.881 47.011 49.204 48.166 11 13.601 25.08 48.374 20.616 30.887 52.631 50.249 33.956 74.626 41.304 33.971 20.616 43.186 41.485 30.232 28.601 50.249 75.604 16.125 55 42.755 29.732 29.732 25.08 25.08 17.088 17.088 43.186 43.186 52.773 52.773 60.729 60.729 17.464 17.464 37.014 37.014 31.78 31.78 70.342 70.342 34.655 34.655 31.575 31.575 43.658 43.658 48.384 48.384 84.629 84.629 14.765 14.765
59.682 29.428 51.01 25 30.15 10.198 19 8.062 0 20.616 40.112 41.881 40.311 9.899 20 32.062 41.629 23.324 31.828 44.688 51.088 29.017 66.573 37.054 26.173 12.728 40.522 36.222 31.89 30.61 42.19 67.624 18.028 47.707 35.228 21.932 21.932 19.235 19.235 17.692 17.692 45.607 45.607 46.239 46.239 52.887 52.887 18.439 18.439 40.706 40.706 32.016 32.016 62.586 62.586 37.736 37.736 27.019 27.019 43.046 43.046 40.522 40.522 76.609 76.609 9 9
72.339 15.264 66.219 15.811 21.401 26.926 13.342 20.881 20.616 0 56.303 40.706 43.681 10.817 17.464 26.173 37.202 8.062 11.402 48.765 30.48 19.105 71.84 23.707 31.145 23.087 23.087 26.249 12.083 11.402 49.366 70.937 6.325 45.793 49.477 28 28 16.279 16.279 4 4 25.942 25.942 40.361 40.361 64.031 64.031 4.123 4.123 23.195 23.195 11.402 11.402 74.027 74.027 19.416 19.416 16.279 16.279 22.847 22.847 52.24 52.24 80.411 80.411 14.765 14.765
22.472 55.218 11.18 48.826 70.257 30.414 45.651 47.011 40.112 56.303 0 41.629 32.894 48.052 60.075 72.007 47.011 61.847 67.231 32.558 84.22 50.448 42.154 58 31.113 33.242 66.068 53.075 68.352 67.676 25.318 46.84 56.515 45.222 8.602 31.401 31.401 43.046 43.046 55.082 55.082 82.079 82.079 51.43 51.43 20.248 20.248 56.045 56.045 79.12 79.12 66.212 66.212 27.019 27.019 75.584 75.584 50.804 50.804 73.783 73.783 14.036 14.036 52.802 52.802 41.761 41.761
44.407 28.636 45.607 25.08 61.911 35.468 28.018 49.204 41.881 40.706 41.629 0 9.22 41.037 55.444 66.287 6.708 48.765 46.573 12.53 56.143 22.804 33.015 25.08 16.763 29.53 34.234 19.026 49.041 49.649 18.385 30.806 45.486 5.831 33.242 20.616 20.616 25.612 25.612 42.72 42.72 59.414 59.414 10 10 35 35 43.566 43.566 61.131 61.131 44.147 44.147 43.417 43.417 57.009 57.009 25.298 25.298 45.044 45.044 28.844 28.844 40.262 40.262 34.713 34.713
35.511 34.015 36.401 29.155 64.078 32.202 30.364 48.166 40.311 43.681 32.894 9.22 0 41.677 56.436 67.978 15.62 51.546 51.245 5.099 62.968 28.018 28.16 32.28 14.213 27.586 41.485 26.249 53.46 53.759 9.22 27.785 47.539 12.369 24.739 18.439 18.439 27.514 27.514 44.944 44.944 65 65 19.209 19.209 26.077 26.077 45.88 45.88 65.62 65.62 49.092 49.092 34.928 34.928 61.522 61.522 30.017 30.017 51.788 51.788 19.723 19.723 37.121 37.121 34.67 34.67
66.03 22.091 58.549 19.313 23.345 17.72 13.892 11 9.899 10.817 48.052 41.037 41.677 0 14.765 26.571 39.205 13.928 21.932 46.53 41.231 23.409 69.354 30.414 27.731 16.125 32.249 31.016 22.023 20.809 45.541 69.462 8.544 46.669 42.107 23.77 23.77 15.62 15.62 7.81 7.81 35.805 35.805 43.267 43.267 58.421 58.421 8.602 8.602 31.385 31.385 22.204 22.204 68.359 68.359 28.178 28.178 20.881 20.881 33.541 33.541 46.174 46.174 78.772 78.772 7.28 7.28
79.511 32.65 71.007 32.016 10.44 30.067 27.586 13.601 20 17.464 60.075 55.444 56.436 14.765 0 12.166 53.038 12 23.087 61.294 41.11 35.805 84.095 41.146 42.485 30.364 40.025 43.267 21.378 19.416 60.166 84.22 11.18 60.959 55.145 38.484 38.484 29.833 29.833 13.892 13.892 32.249 32.249 56.727 56.727 72.367 72.367 13.416 13.416 24.839 24.839 25 25 82.201 82.201 23.324 23.324 33.015 33.015 37.054 37.054 60.017 60.017 93.536 93.536 21.932 21.932
91.662 41.11 83.006 41.869 5.385 42.19 38.275 25.08 32.062 26.173 72.007 66.287 67.978 26.571 12.166 0 63.253 18.439 26.926 72.918 41.012 45.277 95.854 49.204 54.231 42.45 46.065 52.345 24.352 22.472 72.111 95.713 20.809 71.61 67.268 50.329 50.329 40.817 40.817 23.601 23.601 30.265 30.265 66.528 66.528 84.528 84.528 22.804 22.804 21.378 21.378 29.547 29.547 94.366 94.366 22 22 42.45 42.45 40.262 40.262 72.18 72.18 105.095 105.095 33.838 33.838
51.039 23.77 51.74 21.401 58.6 36.674 25.495 48.374 41.629 37.202 47.011 6.708 15.62 39.205 53.038 63.253 0 45.222 41.785 19.235 50.01 18.358 39.051 19.026 19.026 30.083 28.018 13.153 44.385 45.188 24.839 36.222 42.521 9.22 38.471 22.091 22.091 23.601 23.601 39.699 39.699 53.935 53.935 5 5 41.617 41.617 40.46 40.46 56.303 56.303 39.217 39.217 50.12 50.12 52.202 52.202 21.095 21.095 39.013 39.013 34.828 34.828 45.541 45.541 33.615 33.615
79.057 22.672 72.18 23.854 13.454 31.623 21.19 20.616 23.324 8.062 61.847 48.765 51.546 13.928 12 18.439 45.222 0 11.18 56.613 29.967 27.019 79.699 30.806 38.639 29.155 28.46 33.941 9.849 8.062 56.886 78.924 5.385 53.852 55.579 35.228 35.228 24.042 24.042 7 7 22.627 22.627 48.27 48.27 71.028 71.028 6 6 17.464 17.464 13 13 81.025 81.025 14.422 14.422 24.207 24.207 25.08 25.08 59.008 59.008 88.391 88.391 20.224 20.224
82.201 18.028 76.844 22.091 21.541 38.275 22.361 30.887 31.828 11.402 67.231 46.573 51.245 21.932 23.087 26.926 41.785 11.18 0 56.321 19.416 23.77 79.076 24.413 40.2 34.015 19.416 29.069 2.828 4.472 58.009 77.369 14.765 50.922 60.083 37.656 37.656 25.318 25.318 14.213 14.213 14.866 14.866 43.829 43.829 73.553 73.553 13.601 13.601 14.56 14.56 2.828 2.828 83.487 83.487 10.44 10.44 21.378 21.378 14 14 62.169 62.169 86.833 86.833 26.077 26.077
32.016 39 34.482 34.234 69.08 36.125 35.44 52.631 44.688 48.765 32.558 12.53 5.099 46.53 61.294 72.918 19.235 56.613 56.321 0 67.742 33 23.087 36.878 18.868 32.016 46.098 30.806 58.549 58.856 7.28 23.022 52.555 13.601 25.02 23.022 23.022 32.573 32.573 49.98 49.98 70.007 70.007 22.023 22.023 22.672 22.672 50.922 50.922 70.711 70.711 54.148 54.148 30.887 30.887 66.611 66.611 35.057 35.057 56.569 56.569 18.682 18.682 32.249 32.249 39.446 39.446
96.768 29.732 93.038 35.847 36.125 56.727 38.588 50.249 51.088 30.48 84.22 56.143 62.968 41.231 41.11 41.012 50.01 29.967 19.416 67.742 0 35.44 89.051 31.064 54.781 51.614 22 37.121 20.125 21.932 71.063 86.052 34.132 59.008 76.479 53.226 53.226 41.183 41.183 33.601 33.601 11.402 11.402 50.16 50.16 87.641 87.641 33.015 33.015 20.224 20.224 19.105 19.105 97.268 97.268 19.026 19.026 34.176 34.176 11.18 11.18 77.253 77.253 95.189 95.189 44.598 44.598
61.351 6 58.31 4.123 40.46 28.46 10.05 33.956 29.017 19.105 50.448 22.804 28.018 23.409 35.805 45.277 18.358 27.019 23.77 33 35.44 0 55.444 8.544 19.723 21.541 15.62 7.616 26.249 26.926 35.693 53.6 24.839 27.313 42.202 19.105 19.105 10.198 10.198 22.023 22.023 37.014 37.014 21.26 21.26 52.202 52.202 22.672 22.672 38.328 38.328 21.378 21.378 61.847 61.847 34.205 34.205 2.828 2.828 24.352 24.352 42.048 42.048 63.063 63.063 20.025 20.025
27.166 61.4 37.336 57.07 92.114 57.201 58.524 74.626 66.573 71.84 42.154 33.015 28.16 69.354 84.095 95.854 39.051 79.699 79.076 23.087 89.051 55.444 0 58.009 41.629 54.203 67.067 52 81.394 81.786 24.413 6.708 75.611 30.265 38.275 45.618 45.618 55.66 55.66 73.055 73.055 92.347 92.347 39.623 39.623 22.561 22.561 74 74 93.557 93.557 76.792 76.792 22.561 22.561 89.443 89.443 57.706 57.706 78.006 78.006 30.232 30.232 10.817 10.817 62.169 62.169
67.119 8.544 65.215 12.166 44.045 37 18.111 41.304 37.054 23.707 58 25.08 32.28 30.414 41.146 49.204 19.026 30.806 24.413 36.878 31.064 8.544 58.009 0 26.907 30.083 9.22 6.083 27.203 28.425 40.853 55.227 29.967 28.16 49.578 27.019 27.019 18.682 18.682 27.313 27.313 35.171 35.171 19.925 19.925 57.775 57.775 27.731 27.731 38.471 38.471 21.633 21.633 67.067 67.067 34.482 34.482 10.05 10.05 20 20 48.549 48.549 64.498 64.498 28.071 28.071
42.202 25.08 38.588 18.974 50.596 18.788 18 33.971 26.173 31.145 31.113 16.763 14.213 27.731 42.485 54.231 19.026 38.639 40.2 18.868 54.781 19.723 41.629 26.907 0 13.454 35.228 22.023 42.048 42 18.248 41.881 34.205 22.472 22.672 4.243 4.243 15 15 31.78 31.78 54.745 54.745 24.021 24.021 33.377 33.377 32.757 32.757 54 54 38.471 38.471 43.29 43.29 50.01 50.01 20.616 20.616 43.863 43.863 22.472 22.472 51.108 51.108 20.591 20.591
50 24.413 43.174 18.358 39.459 7.071 13.454 20.616 12.728 23.087 33.242 29.53 27.586 16.125 30.364 42.45 30.083 29.155 34.015 32.016 51.614 21.541 54.203 30.083 13.454 0 36.056 27.459 35.114 34.482 29.967 55 24.021 35.355 26.476 9.22 9.22 11.662 11.662 22.204 22.204 48.847 48.847 34.928 34.928 42.297 42.297 23.195 23.195 46.098 46.098 33.121 33.121 52.24 52.24 42.45 42.45 20.591 20.591 41.773 41.773 30.067 30.067 64.07 64.07 9 9
76.158 11.662 73.783 17.804 40.706 42.544 22.825 43.186 40.522 23.087 66.068 34.234 41.485 32.249 40.025 46.065 28.018 28.46 19.416 46.098 22 15.62 67.067 9.22 35.228 36.056 0 15.297 22.204 23.854 49.98 64.07 29.275 37.014 57.801 34.713 34.713 24.413 24.413 27.074 27.074 27.313 27.313 28.284 28.284 66.851 66.851 27.166 27.166 32.016 32.016 16.643 16.643 76.217 76.217 28.32 28.32 15.62 15.62 11.18 11.18 57.306 57.306 73.246 73.246 31.953 31.953
61.27 11.402 59.816 11.705 47.381 34.525 17.464 41.485 36.222 26.249 53.075 19.026 26.249 31.016 43.267 52.345 13.153 33.941 29.069 30.806 37.121 7.616 52 6.083 22.023 27.459 15.297 0 31.765 32.757 34.928 49.366 32.202 22.361 44.553 22.825 22.825 17.029 17.029 29.411 29.411 40.792 40.792 14.765 14.765 51.894 51.894 30 30 43.463 43.463 26.401 26.401 61.098 61.098 39.395 39.395 10.296 10.296 26.019 26.019 43.012 43.012 58.694 58.694 27.295 27.295
83.863 20.616 78.16 24.331 18.974 38.949 24.083 30.232 31.89 12.083 68.352 49.041 53.46 22.023 21.378 24.352 44.385 9.849 2.828 58.549 20.125 26.249 81.394 27.203 42.048 35.114 22.204 31.765 0 2 60.008 79.812 14.213 53.488 61.4 39.319 39.319 27.074 27.074 14.213 14.213 13.892 13.892 46.53 46.53 75.326 75.326 13.454 13.454 12.166 12.166 5.657 5.657 85.288 85.288 8.062 8.062 23.77 23.77 16.125 16.125 63.789 63.789 89.286 89.286 26.833 26.833
83.6 21.471 77.621 24.739 17.088 38.013 24 28.601 30.61 11.402 67.676 49.649 53.759 20.809 19.416 22.472 45.188 8.062 4.472 58.856 21.932 26.926 81.786 28.425 42 34.482 23.854 32.757 2 0 60.075 80.362 12.728 54.231 60.877 39.115 39.115 27 27 13.038 13.038 15 15 47.508 47.508 75.166 75.166 12.207 12.207 12 12 7.211 7.211 85.147 85.147 8.062 8.062 24.352 24.352 18.111 18.111 63.506 63.506 89.844 89.844 26 26
26.42 41.593 27.459 36.125 68.68 32.802 36.125 50.249 42.19 49.366 25.318 18.385 9.22 45.541 60.166 72.111 24.839 56.886 58.009 7.28 71.063 35.693 24.413 40.853 18.248 29.967 49.98 34.928 60.008 60.075 0 26.249 52.393 20.591 18.028 21.84 21.84 33.136 33.136 50.01 50.01 72.25 72.25 28.32 28.32 17 17 50.99 50.99 72.062 72.062 56.08 56.08 26.249 26.249 68.029 68.029 37.336 37.336 59.908 59.908 11.402 11.402 34.713 34.713 38.275 38.275
33.541 59.439 43.046 55.66 91.706 58.728 57.775 75.604 67.624 70.937 46.84 30.806 27.785 69.462 84.22 95.713 36.222 78.924 77.369 23.022 86.052 53.6 6.708 55.227 41.881 55 64.07 49.366 79.812 80.362 26.249 0 75.153 27.074 42.048 46.043 46.043 55.036 55.036 72.498 72.498 90.094 90.094 36.014 36.014 28.071 28.071 73.41 73.41 91.924 91.924 74.953 74.953 29.12 29.12 87.801 87.801 56.045 56.045 75.166 75.166 34.015 34.015 9.487 9.487 62.434 62.434
74.007 21.471 66.91 21.213 16.553 26.249 17.493 16.125 18.028 6.325 56.515 45.486 47.539 8.544 11.18 20.809 42.521 5.385 14.765 52.555 34.132 24.839 75.611 29.967 34.205 24.021 29.275 32.202 14.213 12.728 52.393 75.153 0 50.804 50.359 30.594 30.594 20.125 20.125 2.828 2.828 27.659 27.659 45.967 45.967 66.121 66.121 2.236 2.236 22.847 22.847 15.811 15.811 76.105 76.105 19.723 19.723 22.023 22.023 27.893 27.893 54.009 54.009 84.581 84.581 15.033 15.033
45.277 32.894 48.021 30.017 67.119 41.231 33.422 55 47.707 45.793 45.222 5.831 12.369 46.669 60.959 71.61 9.22 53.852 50.922 13.601 59.008 27.313 30.265 28.16 22.472 35.355 37.014 22.361 53.488 54.231 20.591 27.074 50.804 0 37.108 26.401 26.401 31.145 31.145 48.01 48.01 63.151 63.151 9.487 9.487 36.069 36.069 48.826 48.826 65.46 65.46 48.384 48.384 43.6 43.6 61.351 61.351 29.967 29.967 48.094 48.094 31.78 31.78 36.346 36.346 40.46 40.46
24.515 47.17 16.763 40.817 65.008 25.08 38.079 42.755 35.228 49.477 8.602 33.242 24.739 42.107 55.145 67.268 38.471 55.579 60.083 25.02 76.479 42.202 38.275 49.578 22.672 26.476 57.801 44.553 61.4 60.877 18.028 42.048 50.359 37.108 0 23.324 23.324 35.341 35.341 48.662 48.662 74.947 74.947 42.953 42.953 18.868 18.868 49.649 49.649 72.567 72.567 58.873 58.873 27.857 27.857 68.884 68.884 42.72 42.72 65.863 65.863 8.062 8.062 49.092 49.092 35.355 35.355
44.553 23.854 39.812 17.493 46.84 14.866 15.297 29.732 21.932 28 31.401 20.616 18.439 23.77 38.484 50.329 22.091 35.228 37.656 23.022 53.226 19.105 45.618 27.019 4.243 9.22 34.713 22.825 39.319 39.115 21.84 46.043 30.594 26.401 23.324 0 0 12.369 12.369 28.284 28.284 52.393 52.393 27.074 27.074 36.056 36.056 29.275 29.275 51.088 51.088 36.139 36.139 46.043 46.043 47.17 47.17 19.416 19.416 42.544 42.544 24.515 24.515 55.227 55.227 16.553 16.553
44.553 23.854 39.812 17.493 46.84 14.866 15.297 29.732 21.932 28 31.401 20.616 18.439 23.77 38.484 50.329 22.091 35.228 37.656 23.022 53.226 19.105 45.618 27.019 4.243 9.22 34.713 22.825 39.319 39.115 21.84 46.043 30.594 26.401 23.324 0 0 12.369 12.369 28.284 28.284 52.393 52.393 27.074 27.074 36.056 36.056 29.275 29.275 51.088 51.088 36.139 36.139 46.043 46.043 47.17 47.17 19.416 19.416 42.544 42.544 24.515 24.515 55.227 55.227 16.553 16.553
56.886 12.806 52 6.708 36.674 18.385 3 25.08 19.235 16.279 43.046 25.612 27.514 15.62 29.833 40.817 23.601 24.042 25.318 32.573 41.183 10.198 55.66 18.682 15 11.662 24.413 17.029 27.074 27 33.136 55.036 20.125 31.145 35.341 12.369 12.369 0 0 17.464 17.464 40.025 40.025 27.785 27.785 48.26 48.26 18.385 18.385 39 39 23.77 23.77 58.215 58.215 35.014 35.014 8.944 8.944 30.806 30.806 36.878 36.878 64.475 64.475 10.44 10.44
56.886 12.806 52 6.708 36.674 18.385 3 25.08 19.235 16.279 43.046 25.612 27.514 15.62 29.833 40.817 23.601 24.042 25.318 32.573 41.183 10.198 55.66 18.682 15 11.662 24.413 17.029 27.074 27 33.136 55.036 20.125 31.145 35.341 12.369 12.369 0 0 17.464 17.464 40.025 40.025 27.785 27.785 48.26 48.26 18.385 18.385 39 39 23.77 23.77 58.215 58.215 35.014 35.014 8.944 8.944 30.806 30.806 36.878 36.878 64.475 64.475 10.44 10.44
72.062 18.788 65.307 18.385 19.235 25.08 14.765 17.088 17.692 4 55.082 42.72 44.944 7.81 13.892 23.601 39.699 7 14.213 49.98 33.601 22.023 73.055 27.313 31.78 22.204 27.074 29.411 14.213 13.038 50.01 72.498 2.828 48.01 48.662 28.284 28.284 17.464 17.464 0 0 28.018 28.018 43.139 43.139 64.031 64.031 1 1 24.042 24.042 14.765 14.765 74.027 74.027 20.616 20.616 19.209 19.209 26.571 26.571 52.01 52.01 81.939 81.939 13.342 13.342
72.062 18.788 65.307 18.385 19.235 25.08 14.765 17.088 17.692 4 55.082 42.72 44.944 7.81 13.892 23.601 39.699 7 14.213 49.98 33.601 22.023 73.055 27.313 31.78 22.204 27.074 29.411 14.213 13.038 50.01 72.498 2.828 48.01 48.662 28.284 28.284 17.464 17.464 0 0 28.018 28.018 43.139 43.139 64.031 64.031 1 1 24.042 24.042 14.765 14.765 74.027 74.027 20.616 20.616 19.209 19.209 26.571 26.571 52.01 52.01 81.939 81.939 13.342 13.342
96.881 31.016 91.706 36.125 25.71 52.839 37.108 43.186 45.607 25.942 82.079 59.414 65 35.805 32.249 30.265 53.935 22.627 14.866 70.007 11.402 37.014 92.347 35.171 54.745 48.847 27.313 40.792 13.892 15 72.25 90.094 27.659 63.151 74.947 52.393 52.393 40.025 40.025 28.018 28.018 0 0 55.082 55.082 88.119 88.119 27.203 27.203 9 9 16.279 16.279 98.005 98.005 8.944 8.944 35.014 35.014 16.643 16.643 76.903 76.903 99.464 99.464 40.706 40.706
96.881 31.016 91.706 36.125 25.71 52.839 37.108 43.186 45.607 25.942 82.079 59.414 65 35.805 32.249 30.265 53.935 22.627 14.866 70.007 11.402 37.014 92.347 35.171 54.745 48.847 27.313 40.792 13.892 15 72.25 90.094 27.659 63.151 74.947 52.393 52.393 40.025 40.025 28.018 28.018 0 0 55.082 55.082 88.119 88.119 27.203 27.203 9 9 16.279 16.279 98.005 98.005 8.944 8.944 35.014 35.014 16.643 16.643 76.903 76.903 99.464 99.464 40.706 40.706
54.037 26.077 55.606 24.759 61.717 41.593 29.411 52.773 46.239 40.361 51.43 10 19.209 43.267 56.727 66.528 5 48.27 43.829 22.023 50.16 21.26 39.623 19.925 24.021 34.928 28.284 14.765 46.53 47.508 28.32 36.014 45.967 9.487 42.953 27.074 27.074 27.785 27.785 43.139 43.139 55.082 55.082 0 0 44.688 44.688 43.841 43.841 58.181 58.181 41.146 41.146 52.697 52.697 54.129 54.129 24.083 24.083 39.459 39.459 38.833 38.833 45.044 45.044 38.013 38.013
54.037 26.077 55.606 24.759 61.717 41.593 29.411 52.773 46.239 40.361 51.43 10 19.209 43.267 56.727 66.528 5 48.27 43.829 22.023 50.16 21.26 39.623 19.925 24.021 34.928 28.284 14.765 46.53 47.508 28.32 36.014 45.967 9.487 42.953 27.074 27.074 27.785 27.785 43.139 43.139 55.082 55.082 0 0 44.688 44.688 43.841 43.841 58.181 58.181 41.146 41.146 52.697 52.697 54.129 54.129 24.083 24.083 39.459 39.459 38.833 38.833 45.044 45.044 38.013 38.013
9.434 57.974 15 52.173 81.744 42.72 51.245 60.729 52.887 64.031 20.248 35 26.077 58.421 72.367 84.528 41.617 71.028 73.553 22.672 87.641 52.202 22.561 57.775 33.377 42.297 66.851 51.894 75.326 75.166 17 28.071 66.121 36.069 18.868 36.056 36.056 48.26 48.26 64.031 64.031 88.119 88.119 44.688 44.688 0 0 65.031 65.031 87.144 87.144 71.847 71.847 10 10 83.217 83.217 53.6 53.6 76.538 76.538 12.369 12.369 32.894 32.894 51.245 51.245
9.434 57.974 15 52.173 81.744 42.72 51.245 60.729 52.887 64.031 20.248 35 26.077 58.421 72.367 84.528 41.617 71.028 73.553 22.672 87.641 52.202 22.561 57.775 33.377 42.297 66.851 51.894 75.326 75.166 17 28.071 66.121 36.069 18.868 36.056 36.056 48.26 48.26 64.031 64.031 88.119 88.119 44.688 44.688 0 0 65.031 65.031 87.144 87.144 71.847 71.847 10 10 83.217 83.217 53.6 53.6 76.538 76.538 12.369 12.369 32.894 32.894 51.245 51.245
73.062 19.235 66.287 19.105 18.358 26 15.652 17.464 18.439 4.123 56.045 43.566 45.88 8.602 13.416 22.804 40.46 6 13.601 50.922 33.015 22.672 74 27.731 32.757 23.195 27.166 30 13.454 12.207 50.99 73.41 2.236 48.826 49.649 29.275 29.275 18.385 18.385 1 1 27.203 27.203 43.841 43.841 65.031 65.031 0 0 23.087 23.087 14.318 14.318 75.027 75.027 19.698 19.698 19.849 19.849 26.249 26.249 53.009 53.009 82.855 82.855 14.318 14.318
73.062 19.235 66.287 19.105 18.358 26 15.652 17.464 18.439 4.123 56.045 43.566 45.88 8.602 13.416 22.804 40.46 6 13.601 50.922 33.015 22.672 74 27.731 32.757 23.195 27.166 30 13.454 12.207 50.99 73.41 2.236 48.826 49.649 29.275 29.275 18.385 18.385 1 1 27.203 27.203 43.841 43.841 65.031 65.031 0 0 23.087 23.087 14.318 14.318 75.027 75.027 19.698 19.698 19.849 19.849 26.249 26.249 53.009 53.009 82.855 82.855 14.318 14.318
95.525 32.573 89.269 36.497 17.088 49.041 36 37.014 40.706 23.195 79.12 61.131 65.62 31.385 24.839 21.378 56.303 17.464 14.56 70.711 20.224 38.328 93.557 38.471 54 46.098 32.016 43.463 12.166 12 72.062 91.924 22.847 65.46 72.567 51.088 51.088 39 39 24.042 24.042 9 9 58.181 58.181 87.144 87.144 23.087 23.087 0 0 17.088 17.088 97.129 97.129 4.123 4.123 35.903 35.903 22.804 22.804 75.425 75.425 101.39 101.39 37.363 37.363
95.525 32.573 89.269 36.497 17.088 49.041 36 37.014 40.706 23.195 79.12 61.131 65.62 31.385 24.839 21.378 56.303 17.464 14.56 70.711 20.224 38.328 93.557 38.471 54 46.098 32.016 43.463 12.166 12 72.062 91.924 22.847 65.46 72.567 51.088 51.088 39 39 24.042 24.042 9 9 58.181 58.181 87.144 87.144 23.087 23.087 0 0 17.088 17.088 97.129 97.129 4.123 4.123 35.903 35.903 22.804 22.804 75.425 75.425 101.39 101.39 37.363 37.363
80.604 15.524 75.611 20 24.166 37.802 20.881 31.78 32.016 11.402 66.212 44.147 49.092 22.204 25 29.547 39.217 13 2.828 54.148 19.105 21.378 76.792 21.633 38.471 33.121 16.643 26.401 5.657 7.211 56.08 74.953 15.811 48.384 58.873 36.139 36.139 23.77 23.77 14.765 14.765 16.279 16.279 41.146 41.146 71.847 71.847 14.318 14.318 17.088 17.088 0 0 81.744 81.744 13 13 19.105 19.105 12.166 12.166 60.638 60.638 84.404 84.404 25.612 25.612
80.604 15.524 75.611 20 24.166 37.802 20.881 31.78 32.016 11.402 66.212 44.147 49.092 22.204 25 29.547 39.217 13 2.828 54.148 19.105 21.378 76.792 21.633 38.471 33.121 16.643 26.401 5.657 7.211 56.08 74.953 15.811 48.384 58.873 36.139 36.139 23.77 23.77 14.765 14.765 16.279 16.279 41.146 41.146 71.847 71.847 14.318 14.318 17.088 17.088 0 0 81.744 81.744 13 13 19.105 19.105 12.166 12.166 60.638 60.638 84.404 84.404 25.612 25.612
5.385 67.683 18.028 61.984 91.662 52.393 61.205 70.342 62.586 74.027 27.019 43.417 34.928 68.359 82.201 94.366 50.12 81.025 83.487 30.887 97.268 61.847 22.561 67.067 43.29 52.24 76.217 61.098 85.288 85.147 26.249 29.12 76.105 43.6 27.857 46.043 46.043 58.215 58.215 74.027 74.027 98.005 98.005 52.697 52.697 10 10 75.027 75.027 97.129 97.129 81.744 81.744 0 0 93.193 93.193 63.348 63.348 86.128 86.128 22.204 22.204 31.016 31.016 61.205 61.205
5.385 67.683 18.028 61.984 91.662 52.393 61.205 70.342 62.586 74.027 27.019 43.417 34.928 68.359 82.201 94.366 50.12 81.025 83.487 30.887 97.268 61.847 22.561 67.067 43.29 52.24 76.217 61.098 85.288 85.147 26.249 29.12 76.105 43.6 27.857 46.043 46.043 58.215 58.215 74.027 74.027 98.005 98.005 52.697 52.697 10 10 75.027 75.027 97.129 97.129 81.744 81.744 0 0 93.193 93.193 63.348 63.348 86.128 86.128 22.204 22.204 31.016 31.016 61.205 61.205
91.662 28.46 85.615 32.388 17.117 45.695 32.016 34.655 37.736 19.416 75.584 57.009 61.522 28.178 23.324 22 52.202 14.422 10.44 66.611 19.026 34.205 89.443 34.482 50.01 42.45 28.32 39.395 8.062 8.062 68.029 87.801 19.723 61.351 68.884 47.17 47.17 35.014 35.014 20.616 20.616 8.944 8.944 54.129 54.129 83.217 83.217 19.698 19.698 4.123 4.123 13 13 93.193 93.193 0 0 31.78 31.78 19.723 19.723 71.568 71.568 97.268 97.268 33.838 33.838
91.662 28.46 85.615 32.388 17.117 45.695 32.016 34.655 37.736 19.416 75.584 57.009 61.522 28.178 23.324 22 52.202 14.422 10.44 66.611 19.026 34.205 89.443 34.482 50.01 42.45 28.32 39.395 8.062 8.062 68.029 87.801 19.723 61.351 68.884 47.17 47.17 35.014 35.014 20.616 20.616 8.944 8.944 54.129 54.129 83.217 83.217 19.698 19.698 4.123 4.123 13 13 93.193 93.193 0 0 31.78 31.78 19.723 19.723 71.568 71.568 97.268 97.268 33.838 33.838
62.642 4.472 59.059 2.236 37.643 27.313 8.062 31.575 27.019 16.279 50.804 25.298 30.017 20.881 33.015 42.45 21.095 24.207 21.378 35.057 34.176 2.828 57.706 10.05 20.616 20.591 15.62 10.296 23.77 24.352 37.336 56.045 22.023 29.967 42.72 19.416 19.416 8.944 8.944 19.209 19.209 35.014 35.014 24.083 24.083 53.6 53.6 19.849 19.849 35.903 35.903 19.105 19.105 63.348 63.348 31.78 31.78 0 0 23.259 23.259 43.081 43.081 65.521 65.521 18.028 18.028
62.642 4.472 59.059 2.236 37.643 27.313 8.062 31.575 27.019 16.279 50.804 25.298 30.017 20.881 33.015 42.45 21.095 24.207 21.378 35.057 34.176 2.828 57.706 10.05 20.616 20.591 15.62 10.296 23.77 24.352 37.336 56.045 22.023 29.967 42.72 19.416 19.416 8.944 8.944 19.209 19.209 35.014 35.014 24.083 24.083 53.6 53.6 19.849 19.849 35.903 35.903 19.105 19.105 63.348 63.348 31.78 31.78 0 0 23.259 23.259 43.081 43.081 65.521 65.521 18.028 18.028
85.703 18.788 82.298 25.06 34.928 47.424 28.425 43.658 43.046 22.847 73.783 45.044 51.788 33.541 37.054 40.262 39.013 25.08 14 56.569 11.18 24.352 78.006 20 43.863 41.773 11.18 26.019 16.125 18.111 59.908 75.166 27.893 48.094 65.863 42.544 42.544 30.806 30.806 26.571 26.571 16.643 16.643 39.459 39.459 76.538 76.538 26.249 26.249 22.804 22.804 12.166 12.166 86.128 86.128 19.723 19.723 23.259 23.259 0 0 66.31 66.31 84.38 84.38 35.609 35.609
85.703 18.788 82.298 25.06 34.928 47.424 28.425 43.658 43.046 22.847 73.783 45.044 51.788 33.541 37.054 40.262 39.013 25.08 14 56.569 11.18 24.352 78.006 20 43.863 41.773 11.18 26.019 16.125 18.111 59.908 75.166 27.893 48.094 65.863 42.544 42.544 30.806 30.806 26.571 26.571 16.643 16.643 39.459 39.459 76.538 76.538 26.249 26.249 22.804 22.804 12.166 12.166 86.128 86.128 19.723 19.723 23.259 23.259 0 0 66.31 66.31 84.38 84.38 35.609 35.609
20.1 47.539 16.971 41.437 69.462 30.364 39.812 48.384 40.522 52.24 14.036 28.844 19.723 46.174 60.017 72.18 34.828 59.008 62.169 18.682 77.253 42.048 30.232 48.549 22.472 30.067 57.306 43.012 63.789 63.506 11.402 34.015 54.009 31.78 8.062 24.515 24.515 36.878 36.878 52.01 52.01 76.903 76.903 38.833 38.833 12.369 12.369 53.009 53.009 75.425 75.425 60.638 60.638 22.204 22.204 71.568 71.568 43.081 43.081 66.31 66.31 0 0 41.049 41.049 39.051 39.051
20.1 47.539 16.971 41.437 69.462 30.364 39.812 48.384 40.522 52.24 14.036 28.844 19.723 46.174 60.017 72.18 34.828 59.008 62.169 18.682 77.253 42.048 30.232 48.549 22.472 30.067 57.306 43.012 63.789 63.506 11.402 34.015 54.009 31.78 8.062 24.515 24.515 36.878 36.878 52.01 52.01 76.903 76.903 38.833 38.833 12.369 12.369 53.009 53.009 75.425 75.425 60.638 60.638 22.204 22.204 71.568 71.568 43.081 43.081 66.31 66.31 0 0 41.049 41.049 39.051 39.051
36.125 68.884 47.297 65.146 101.134 67.476 67.231 84.629 76.609 80.411 52.802 40.262 37.121 78.772 93.536 105.095 45.541 88.391 86.833 32.249 95.189 63.063 10.817 64.498 51.108 64.07 73.246 58.694 89.286 89.844 34.713 9.487 84.581 36.346 49.092 55.227 55.227 64.475 64.475 81.939 81.939 99.464 99.464 45.044 45.044 32.894 32.894 82.855 82.855 101.39 101.39 84.404 84.404 31.016 31.016 97.268 97.268 65.521 65.521 84.38 84.38 41.049 41.049 0 0 71.694 71.694
36.125 68.884 47.297 65.146 101.134 67.476 67.231 84.629 76.609 80.411 52.802 40.262 37.121 78.772 93.536 105.095 45.541 88.391 86.833 32.249 95.189 63.063 10.817 64.498 51.108 64.07 73.246 58.694 89.286 89.844 34.713 9.487 84.581 36.346 49.092 55.227 55.227 64.475 64.475 81.939 81.939 99.464 99.464 45.044 45.044 32.894 32.894 82.855 82.855 101.39 101.39 84.404 84.404 31.016 31.016 97.268 97.268 65.521 65.521 84.38 84.38 41.049 41.049 0 0 71.694 71.694
59 20.616 51.971 16 30.594 12.207 10 14.765 9 14.765 41.761 34.713 34.67 7.28 21.932 33.838 33.615 20.224 26.077 39.446 44.598 20.025 62.169 28.071 20.591 9 31.953 27.295 26.833 26 38.275 62.434 15.033 40.46 35.355 16.553 16.553 10.44 10.44 13.342 13.342 40.706 40.706 38.013 38.013 51.245 51.245 14.318 14.318 37.363 37.363 25.612 25.612 61.205 61.205 33.838 33.838 18.028 18.028 35.609 35.609 39.051 39.051 71.694 71.694 0 0
59 20.616 51.971 16 30.594 12.207 10 14.765 9 14.765 41.761 34.713 34.67 7.28 21.932 33.838 33.615 20.224 26.077 39.446 44.598 20.025 62.169 28.071 20.591 9 31.953 27.295 26.833 26 38.275 62.434 15.033 40.46 35.355 16.553 16.553 10.44 10.44 13.342 13.342 40.706 40.706 38.013 38.013 51.245 51.245 14.318 14.318 37.363 37.363 25.612 25.612 61.205 61.205 33.838 33.838 18.028 18.028 35.609 35.609 39.051 39.051 71.694 71.694 0 0

# e_i and l_i: first and last entries denote the depot time-window.
e_i = 0 182 412 423 358 327 105 151 406 462 427 452 308 32 200 2 132 469 396 262 108 395 329 22 283 259 423 153 183 329 41 142 3 114 350 345 457 382 65 24 73 348 46 275 222 141 256 146 41 64 108 0
l_i = 1711.1 302 532 543 478 447 225 271 526 582 547 572 428 152 320 122 252 589 516 382 228 515 449 142 403 379 543 273 303 449 161 262 123 234 470 465 577 502 185 144 193 468 166 395 342 261 376 266 161 184 228 1711.1

# p_i^{k,s}: first and last entries for i denote the depot.
p_i^{k,s} =
i=0
k=1: 0 0 0 0 0 0
k=2: 0 0 0 0 0 0
k=3: 0 0 0 0 0 0
k=4: 0 0 0 0 0 0
k=5: 0 0 0 0 0 0
k=6: 0 0 0 0 0 0
k=7: 0 0 0 0 0 0
k=8: 0 0 0 0 0 0
k=9: 0 0 0 0 0 0
k=10: 0 0 0 0 0 0
i=1
k=1: 0 0 17 0 0 0
k=2: 0 0 17 0 0 0
k=3: 0 0 17 0 0 0
k=4: 0 0 17 0 0 0
k=5: 0 0 17 0 0 0
k=6: 0 0 17 0 0 0
k=7: 0 0 17 0 0 0
k=8: 0 0 17 0 0 0
k=9: 0 0 17 0 0 0
k=10: 0 0 17 0 0 0
i=2
k=1: 0 0 0 0 17 0
k=2: 0 0 0 0 17 0
k=3: 0 0 0 0 17 0
k=4: 0 0 0 0 17 0
k=5: 0 0 0 0 17 0
k=6: 0 0 0 0 17 0
k=7: 0 0 0 0 17 0
k=8: 0 0 0 0 17 0
k=9: 0 0 0 0 17 0
k=10: 0 0 0 0 17 0
i=3
k=1: 0 0 0 17 0 0
k=2: 0 0 0 17 0 0
k=3: 0 0 0 17 0 0
k=4: 0 0 0 17 0 0
k=5: 0 0 0 17 0 0
k=6: 0 0 0 17 0 0
k=7: 0 0 0 17 0 0
k=8: 0 0 0 17 0 0
k=9: 0 0 0 17 0 0
k=10: 0 0 0 17 0 0
i=4
k=1: 0 0 0 0 17 0
k=2: 0 0 0 0 17 0
k=3: 0 0 0 0 17 0
k=4: 0 0 0 0 17 0
k=5: 0 0 0 0 17 0
k=6: 0 0 0 0 17 0
k=7: 0 0 0 0 17 0
k=8: 0 0 0 0 17 0
k=9: 0 0 0 0 17 0
k=10: 0 0 0 0 17 0
i=5
k=1: 0 0 0 17 0 0
k=2: 0 0 0 17 0 0
k=3: 0 0 0 17 0 0
k=4: 0 0 0 17 0 0
k=5: 0 0 0 17 0 0
k=6: 0 0 0 17 0 0
k=7: 0 0 0 17 0 0
k=8: 0 0 0 17 0 0
k=9: 0 0 0 17 0 0
k=10: 0 0 0 17 0 0
i=6
k=1: 0 0 0 17 0 0
k=2: 0 0 0 17 0 0
k=3: 0 0 0 17 0 0
k=4: 0 0 0 17 0 0
k=5: 0 0 0 17 0 0
k=6: 0 0 0 17 0 0
k=7: 0 0 0 17 0 0
k=8: 0 0 0 17 0 0
k=9: 0 0 0 17 0 0
k=10: 0 0 0 17 0 0
i=7
k=1: 0 17 0 0 0 0
k=2: 0 17 0 0 0 0
k=3: 0 17 0 0 0 0
k=4: 0 17 0 0 0 0
k=5: 0 17 0 0 0 0
k=6: 0 17 0 0 0 0
k=7: 0 17 0 0 0 0
k=8: 0 17 0 0 0 0
k=9: 0 17 0 0 0 0
k=10: 0 17 0 0 0 0
i=8
k=1: 0 0 0 0 17 0
k=2: 0 0 0 0 17 0
k=3: 0 0 0 0 17 0
k=4: 0 0 0 0 17 0
k=5: 0 0 0 0 17 0
k=6: 0 0 0 0 17 0
k=7: 0 0 0 0 17 0
k=8: 0 0 0 0 17 0
k=9: 0 0 0 0 17 0
k=10: 0 0 0 0 17 0
i=9
k=1: 17 0 0 0 0 0
k=2: 17 0 0 0 0 0
k=3: 17 0 0 0 0 0
k=4: 17 0 0 0 0 0
k=5: 17 0 0 0 0 0
k=6: 17 0 0 0 0 0
k=7: 17 0 0 0 0 0
k=8: 17 0 0 0 0 0
k=9: 17 0 0 0 0 0
k=10: 17 0 0 0 0 0
i=10
k=1: 0 17 0 0 0 0
k=2: 0 17 0 0 0 0
k=3: 0 17 0 0 0 0
k=4: 0 17 0 0 0 0
k=5: 0 17 0 0 0 0
k=6: 0 17 0 0 0 0
k=7: 0 17 0 0 0 0
k=8: 0 17 0 0 0 0
k=9: 0 17 0 0 0 0
k=10: 0 17 0 0 0 0
i=11
k=1: 0 0 17 0 0 0
k=2: 0 0 17 0 0 0
k=3: 0 0 17 0 0 0
k=4: 0 0 17 0 0 0
k=5: 0 0 17 0 0 0
k=6: 0 0 17 0 0 0
k=7: 0 0 17 0 0 0
k=8: 0 0 17 0 0 0
k=9: 0 0 17 0 0 0
k=10: 0 0 17 0 0 0
i=12
k=1: 0 0 17 0 0 0
k=2: 0 0 17 0 0 0
k=3: 0 0 17 0 0 0
k=4: 0 0 17 0 0 0
k=5: 0 0 17 0 0 0
k=6: 0 0 17 0 0 0
k=7: 0 0 17 0 0 0
k=8: 0 0 17 0 0 0
k=9: 0 0 17 0 0 0
k=10: 0 0 17 0 0 0
i=13
k=1: 0 0 17 0 0 0
k=2: 0 0 17 0 0 0
k=3: 0 0 17 0 0 0
k=4: 0 0 17 0 0 0
k=5: 0 0 17 0 0 0
k=6: 0 0 17 0 0 0
k=7: 0 0 17 0 0 0
k=8: 0 0 17 0 0 0
k=9: 0 0 17 0 0 0
k=10: 0 0 17 0 0 0
i=14
k=1: 0 0 17 0 0 0
k=2: 0 0 17 0 0 0
k=3: 0 0 17 0 0 0
k=4: 0 0 17 0 0 0
k=5: 0 0 17 0 0 0
k=6: 0 0 17 0 0 0
k=7: 0 0 17 0 0 0
k=8: 0 0 17 0 0 0
k=9: 0 0 17 0 0 0
k=10: 0 0 17 0 0 0
i=15
k=1: 0 0 17 0 0 0
k=2: 0 0 17 0 0 0
k=3: 0 0 17 0 0 0
k=4: 0 0 17 0 0 0
k=5: 0 0 17 0 0 0
k=6: 0 0 17 0 0 0
k=7: 0 0 17 0 0 0
k=8: 0 0 17 0 0 0
k=9: 0 0 17 0 0 0
k=10: 0 0 17 0 0 0
i=16
k=1: 17 0 0 0 0 0
k=2: 17 0 0 0 0 0
k=3: 17 0 0 0 0 0
k=4: 17 0 0 0 0 0
k=5: 17 0 0 0 0 0
k=6: 17 0 0 0 0 0
k=7: 17 0 0 0 0 0
k=8: 17 0 0 0 0 0
k=9: 17 0 0 0 0 0
k=10: 17 0 0 0 0 0
i=17
k=1: 0 17 0 0 0 0
k=2: 0 17 0 0 0 0
k=3: 0 17 0 0 0 0
k=4: 0 17 0 0 0 0
k=5: 0 17 0 0 0 0
k=6: 0 17 0 0 0 0
k=7: 0 17 0 0 0 0
k=8: 0 17 0 0 0 0
k=9: 0 17 0 0 0 0
k=10: 0 17 0 0 0 0
i=18
k=1: 17 0 0 0 0 0
k=2: 17 0 0 0 0 0
k=3: 17 0 0 0 0 0
k=4: 17 0 0 0 0 0
k=5: 17 0 0 0 0 0
k=6: 17 0 0 0 0 0
k=7: 17 0 0 0 0 0
k=8: 17 0 0 0 0 0
k=9: 17 0 0 0 0 0
k=10: 17 0 0 0 0 0
i=19
k=1: 0 0 0 0 17 0
k=2: 0 0 0 0 17 0
k=3: 0 0 0 0 17 0
k=4: 0 0 0 0 17 0
k=5: 0 0 0 0 17 0
k=6: 0 0 0 0 17 0
k=7: 0 0 0 0 17 0
k=8: 0 0 0 0 17 0
k=9: 0 0 0 0 17 0
k=10: 0 0 0 0 17 0
i=20
k=1: 17 0 0 0 0 0
k=2: 17 0 0 0 0 0
k=3: 17 0 0 0 0 0
k=4: 17 0 0 0 0 0
k=5: 17 0 0 0 0 0
k=6: 17 0 0 0 0 0
k=7: 17 0 0 0 0 0
k=8: 17 0 0 0 0 0
k=9: 17 0 0 0 0 0
k=10: 17 0 0 0 0 0
i=21
k=1: 0 0 0 0 0 17
k=2: 0 0 0 0 0 17
k=3: 0 0 0 0 0 17
k=4: 0 0 0 0 0 17
k=5: 0 0 0 0 0 17
k=6: 0 0 0 0 0 17
k=7: 0 0 0 0 0 17
k=8: 0 0 0 0 0 17
k=9: 0 0 0 0 0 17
k=10: 0 0 0 0 0 17
i=22
k=1: 0 0 0 0 0 17
k=2: 0 0 0 0 0 17
k=3: 0 0 0 0 0 17
k=4: 0 0 0 0 0 17
k=5: 0 0 0 0 0 17
k=6: 0 0 0 0 0 17
k=7: 0 0 0 0 0 17
k=8: 0 0 0 0 0 17
k=9: 0 0 0 0 0 17
k=10: 0 0 0 0 0 17
i=23
k=1: 0 0 0 0 17 0
k=2: 0 0 0 0 17 0
k=3: 0 0 0 0 17 0
k=4: 0 0 0 0 17 0
k=5: 0 0 0 0 17 0
k=6: 0 0 0 0 17 0
k=7: 0 0 0 0 17 0
k=8: 0 0 0 0 17 0
k=9: 0 0 0 0 17 0
k=10: 0 0 0 0 17 0
i=24
k=1: 0 17 0 0 0 0
k=2: 0 17 0 0 0 0
k=3: 0 17 0 0 0 0
k=4: 0 17 0 0 0 0
k=5: 0 17 0 0 0 0
k=6: 0 17 0 0 0 0
k=7: 0 17 0 0 0 0
k=8: 0 17 0 0 0 0
k=9: 0 17 0 0 0 0
k=10: 0 17 0 0 0 0
i=25
k=1: 0 17 0 0 0 0
k=2: 0 17 0 0 0 0
k=3: 0 17 0 0 0 0
k=4: 0 17 0 0 0 0
k=5: 0 17 0 0 0 0
k=6: 0 17 0 0 0 0
k=7: 0 17 0 0 0 0
k=8: 0 17 0 0 0 0
k=9: 0 17 0 0 0 0
k=10: 0 17 0 0 0 0
i=26
k=1: 0 0 0 17 0 0
k=2: 0 0 0 17 0 0
k=3: 0 0 0 17 0 0
k=4: 0 0 0 17 0 0
k=5: 0 0 0 17 0 0
k=6: 0 0 0 17 0 0
k=7: 0 0 0 17 0 0
k=8: 0 0 0 17 0 0
k=9: 0 0 0 17 0 0
k=10: 0 0 0 17 0 0
i=27
k=1: 0 0 0 17 0 0
k=2: 0 0 0 17 0 0
k=3: 0 0 0 17 0 0
k=4: 0 0 0 17 0 0
k=5: 0 0 0 17 0 0
k=6: 0 0 0 17 0 0
k=7: 0 0 0 17 0 0
k=8: 0 0 0 17 0 0
k=9: 0 0 0 17 0 0
k=10: 0 0 0 17 0 0
i=28
k=1: 0 0 0 17 0 0
k=2: 0 0 0 17 0 0
k=3: 0 0 0 17 0 0
k=4: 0 0 0 17 0 0
k=5: 0 0 0 17 0 0
k=6: 0 0 0 17 0 0
k=7: 0 0 0 17 0 0
k=8: 0 0 0 17 0 0
k=9: 0 0 0 17 0 0
k=10: 0 0 0 17 0 0
i=29
k=1: 0 0 0 0 0 17
k=2: 0 0 0 0 0 17
k=3: 0 0 0 0 0 17
k=4: 0 0 0 0 0 17
k=5: 0 0 0 0 0 17
k=6: 0 0 0 0 0 17
k=7: 0 0 0 0 0 17
k=8: 0 0 0 0 0 17
k=9: 0 0 0 0 0 17
k=10: 0 0 0 0 0 17
i=30
k=1: 0 0 0 0 0 17
k=2: 0 0 0 0 0 17
k=3: 0 0 0 0 0 17
k=4: 0 0 0 0 0 17
k=5: 0 0 0 0 0 17
k=6: 0 0 0 0 0 17
k=7: 0 0 0 0 0 17
k=8: 0 0 0 0 0 17
k=9: 0 0 0 0 0 17
k=10: 0 0 0 0 0 17
i=31
k=1: 0 0 0 0 17 0
k=2: 0 0 0 0 17 0
k=3: 0 0 0 0 17 0
k=4: 0 0 0 0 17 0
k=5: 0 0 0 0 17 0
k=6: 0 0 0 0 17 0
k=7: 0 0 0 0 17 0
k=8: 0 0 0 0 17 0
k=9: 0 0 0 0 17 0
k=10: 0 0 0 0 17 0
i=32
k=1: 0 0 0 17 0 0
k=2: 0 0 0 17 0 0
k=3: 0 0 0 17 0 0
k=4: 0 0 0 17 0 0
k=5: 0 0 0 17 0 0
k=6: 0 0 0 17 0 0
k=7: 0 0 0 17 0 0
k=8: 0 0 0 17 0 0
k=9: 0 0 0 17 0 0
k=10: 0 0 0 17 0 0
i=33
k=1: 17 0 0 0 0 0
k=2: 17 0 0 0 0 0
k=3: 17 0 0 0 0 0
k=4: 17 0 0 0 0 0
k=5: 17 0 0 0 0 0
k=6: 17 0 0 0 0 0
k=7: 17 0 0 0 0 0
k=8: 17 0 0 0 0 0
k=9: 17 0 0 0 0 0
k=10: 17 0 0 0 0 0
i=34
k=1: 0 0 17 0 0 0
k=2: 0 0 17 0 0 0
k=3: 0 0 17 0 0 0
k=4: 0 0 17 0 0 0
k=5: 0 0 17 0 0 0
k=6: 0 0 17 0 0 0
k=7: 0 0 17 0 0 0
k=8: 0 0 17 0 0 0
k=9: 0 0 17 0 0 0
k=10: 0 0 17 0 0 0
i=35
k=1: 0 0 0 17 0 0
k=2: 0 0 0 17 0 0
k=3: 0 0 0 17 0 0
k=4: 0 0 0 17 0 0
k=5: 0 0 0 17 0 0
k=6: 0 0 0 17 0 0
k=7: 0 0 0 17 0 0
k=8: 0 0 0 17 0 0
k=9: 0 0 0 17 0 0
k=10: 0 0 0 17 0 0
i=36
k=1: 0 0 0 17 0 17
k=2: 0 0 0 17 0 17
k=3: 0 0 0 17 0 17
k=4: 0 0 0 17 0 17
k=5: 0 0 0 17 0 17
k=6: 0 0 0 17 0 17
k=7: 0 0 0 17 0 17
k=8: 0 0 0 17 0 17
k=9: 0 0 0 17 0 17
k=10: 0 0 0 17 0 17
i=37
k=1: 0 0 0 17 17 0
k=2: 0 0 0 17 17 0
k=3: 0 0 0 17 17 0
k=4: 0 0 0 17 17 0
k=5: 0 0 0 17 17 0
k=6: 0 0 0 17 17 0
k=7: 0 0 0 17 17 0
k=8: 0 0 0 17 17 0
k=9: 0 0 0 17 17 0
k=10: 0 0 0 17 17 0
i=38
k=1: 0 0 0 0 17 17
k=2: 0 0 0 0 17 17
k=3: 0 0 0 0 17 17
k=4: 0 0 0 0 17 17
k=5: 0 0 0 0 17 17
k=6: 0 0 0 0 17 17
k=7: 0 0 0 0 17 17
k=8: 0 0 0 0 17 17
k=9: 0 0 0 0 17 17
k=10: 0 0 0 0 17 17
i=39
k=1: 0 0 0 0 17 17
k=2: 0 0 0 0 17 17
k=3: 0 0 0 0 17 17
k=4: 0 0 0 0 17 17
k=5: 0 0 0 0 17 17
k=6: 0 0 0 0 17 17
k=7: 0 0 0 0 17 17
k=8: 0 0 0 0 17 17
k=9: 0 0 0 0 17 17
k=10: 0 0 0 0 17 17
i=40
k=1: 0 0 0 0 17 17
k=2: 0 0 0 0 17 17
k=3: 0 0 0 0 17 17
k=4: 0 0 0 0 17 17
k=5: 0 0 0 0 17 17
k=6: 0 0 0 0 17 17
k=7: 0 0 0 0 17 17
k=8: 0 0 0 0 17 17
k=9: 0 0 0 0 17 17
k=10: 0 0 0 0 17 17
i=41
k=1: 0 0 0 17 0 17
k=2: 0 0 0 17 0 17
k=3: 0 0 0 17 0 17
k=4: 0 0 0 17 0 17
k=5: 0 0 0 17 0 17
k=6: 0 0 0 17 0 17
k=7: 0 0 0 17 0 17
k=8: 0 0 0 17 0 17
k=9: 0 0 0 17 0 17
k=10: 0 0 0 17 0 17
i=42
k=1: 0 0 0 17 17 0
k=2: 0 0 0 17 17 0
k=3: 0 0 0 17 17 0
k=4: 0 0 0 17 17 0
k=5: 0 0 0 17 17 0
k=6: 0 0 0 17 17 0
k=7: 0 0 0 17 17 0
k=8: 0 0 0 17 17 0
k=9: 0 0 0 17 17 0
k=10: 0 0 0 17 17 0
i=43
k=1: 0 0 17 0 17 0
k=2: 0 0 17 0 17 0
k=3: 0 0 17 0 17 0
k=4: 0 0 17 0 17 0
k=5: 0 0 17 0 17 0
k=6: 0 0 17 0 17 0
k=7: 0 0 17 0 17 0
k=8: 0 0 17 0 17 0
k=9: 0 0 17 0 17 0
k=10: 0 0 17 0 17 0
i=44
k=1: 17 0 0 0 17 0
k=2: 17 0 0 0 17 0
k=3: 17 0 0 0 17 0
k=4: 17 0 0 0 17 0
k=5: 17 0 0 0 17 0
k=6: 17 0 0 0 17 0
k=7: 17 0 0 0 17 0
k=8: 17 0 0 0 17 0
k=9: 17 0 0 0 17 0
k=10: 17 0 0 0 17 0
i=45
k=1: 0 17 0 0 17 0
k=2: 0 17 0 0 17 0
k=3: 0 17 0 0 17 0
k=4: 0 17 0 0 17 0
k=5: 0 17 0 0 17 0
k=6: 0 17 0 0 17 0
k=7: 0 17 0 0 17 0
k=8: 0 17 0 0 17 0
k=9: 0 17 0 0 17 0
k=10: 0 17 0 0 17 0
i=46
k=1: 17 0 0 17 0 0
k=2: 17 0 0 17 0 0
k=3: 17 0 0 17 0 0
k=4: 17 0 0 17 0 0
k=5: 17 0 0 17 0 0
k=6: 17 0 0 17 0 0
k=7: 17 0 0 17 0 0
k=8: 17 0 0 17 0 0
k=9: 17 0 0 17 0 0
k=10: 17 0 0 17 0 0
i=47
k=1: 17 0 0 0 17 0
k=2: 17 0 0 0 17 0
k=3: 17 0 0 0 17 0
k=4: 17 0 0 0 17 0
k=5: 17 0 0 0 17 0
k=6: 17 0 0 0 17 0
k=7: 17 0 0 0 17 0
k=8: 17 0 0 0 17 0
k=9: 17 0 0 0 17 0
k=10: 17 0 0 0 17 0
i=48
k=1: 17 0 0 17 0 0
k=2: 17 0 0 17 0 0
k=3: 17 0 0 17 0 0
k=4: 17 0 0 17 0 0
k=5: 17 0 0 17 0 0
k=6: 17 0 0 17 0 0
k=7: 17 0 0 17 0 0
k=8: 17 0 0 17 0 0
k=9: 17 0 0 17 0 0
k=10: 17 0 0 17 0 0
i=49
k=1: 17 0 0 17 0 0
k=2: 17 0 0 17 0 0
k=3: 17 0 0 17 0 0
