# Instance
name = 3_10_13_3_3

# Sets and Indices
K = 1..3
P = 1..10
T = 1..13
D = {8,9,10}

# Tasks: t -> (i,s) with i in P and s in services
tasks =
1: 1 6
2: 2 5
3: 3 3
4: 4 3
5: 5 1
6: 6 6
7: 7 5
8: 8 4
9: 8 6
10: 9 1
11: 9 5
12: 10 1
13: 10 6

# Parameters
d_uv =
0 68.359 21.932 52.154 44.922 30.887 56.036 4 4 57.219 57.219 75.505 75.505 14.765 14.765
68.359 0 48.042 16.279 25.71 46.53 44.777 72.339 72.339 16.279 16.279 10 10 81 81
21.932 48.042 0 32.388 23.345 25 48.549 25.632 25.632 39.56 39.56 54.332 54.332 33.061 33.061
52.154 16.279 32.388 0 12.728 31.401 36.497 56.143 56.143 10.296 10.296 24.597 24.597 65.069 65.069
44.922 25.71 23.345 12.728 0 32.249 45.1 48.765 48.765 22.804 22.804 31.064 31.064 56.321 56.321
30.887 46.53 25 31.401 32.249 0 25.495 34.438 34.438 31.623 31.623 55.758 55.758 45.651 45.651
56.036 44.777 48.549 36.497 45.1 25.495 0 59.363 59.363 29.155 29.155 54.708 54.708 70.725 70.725
4 72.339 25.632 56.143 48.765 34.438 59.363 0 0 61.205 61.205 79.429 79.429 11.402 11.402
4 72.339 25.632 56.143 48.765 34.438 59.363 0 0 61.205 61.205 79.429 79.429 11.402 11.402
57.219 16.279 39.56 10.296 22.804 31.623 29.155 61.205 61.205 0 0 26.249 26.249 71.021 71.021
57.219 16.279 39.56 10.296 22.804 31.623 29.155 61.205 61.205 0 0 26.249 26.249 71.021 71.021
75.505 10 54.332 24.597 31.064 55.758 54.708 79.429 79.429 26.249 26.249 0 0 87.367 87.367
75.505 10 54.332 24.597 31.064 55.758 54.708 79.429 79.429 26.249 26.249 0 0 87.367 87.367
14.765 81 33.061 65.069 56.321 45.651 70.725 11.402 11.402 71.021 71.021 87.367 87.367 0 0
14.765 81 33.061 65.069 56.321 45.651 70.725 11.402 11.402 71.021 71.021 87.367 87.367 0 0

# e_i and l_i: first and last entries denote the depot time-window.
e_i = 0 287 172 194 464 426 5 334 131 122 201 0
l_i = 1681.37 407 292 314 584 546 125 454 251 242 321 1681.37

# p_i^{k,s}: first and last entries for i denote the depot.
p_i^{k,s} =
i=0
k=1: 0 0 0 0 0 0
k=2: 0 0 0 0 0 0
k=3: 0 0 0 0 0 0
i=1
k=1: 0 0 0 0 0 10
k=2: 0 0 0 0 0 10
k=3: 0 0 0 0 0 10
i=2
k=1: 0 0 0 0 10 0
k=2: 0 0 0 0 10 0
k=3: 0 0 0 0 10 0
i=3
k=1: 0 0 10 0 0 0
k=2: 0 0 10 0 0 0
k=3: 0 0 10 0 0 0
i=4
k=1: 0 0 10 0 0 0
k=2: 0 0 10 0 0 0
k=3: 0 0 10 0 0 0
i=5
k=1: 10 0 0 0 0 0
k=2: 10 0 0 0 0 0
k=3: 10 0 0 0 0 0
i=6
k=1: 0 0 0 0 0 10
k=2: 0 0 0 0 0 10
k=3: 0 0 0 0 0 10
i=7
k=1: 0 0 0 0 10 0
k=2: 0 0 0 0 10 0
k=3: 0 0 0 0 10 0
i=8
k=1: 0 0 0 10 0 10
k=2: 0 0 0 10 0 10
k=3: 0 0 0 10 0 10
i=9
k=1: 10 0 0 0 10 0
k=2: 10 0 0 0 10 0
k=3: 10 0 0 0 10 0
i=10
k=1: 10 0 0 0 0 10
k=2: 10 0 0 0 0 10
k=3: 10 0 0 0 0 10
i=11
k=1: 0 0 0 0 0 0
k=2: 0 0 0 0 0 0
k=3: 0 0 0 0 0 0

a_k^s =
1 0 1 0 0 0
0 0 0 1 1 1
0 0 0 1 0 1

# delta_min_i/delta_max_i are only listed for i in D.
delta_min_i =
8: 0
9: 33
10: 14
delta_max_i =
8: 0
9: 66
10: 28

