# Instance
name = 3_10_13_3_7

# Sets and Indices
K = 1..3
P = 1..10
T = 1..13
D = {8,9,10}

# Tasks: t -> (i,s) with i in P and s in services
tasks =
1: 1 4
2: 2 1
3: 3 4
4: 4 1
5: 5 5
6: 6 5
7: 7 2
8: 8 4
9: 8 5
10: 9 2
11: 9 5
12: 10 3
13: 10 4

# Parameters
d_uv =
0 59.203 4.123 28.636 80.623 15.133 11.18 7.071 7.071 21.932 21.932 93.434 93.434 86.925 86.925
59.203 0 63.008 36.401 23.345 49.659 55.009 54.489 54.489 52.479 52.479 64.351 64.351 33.061 33.061
4.123 63.008 0 31.385 84.599 17.088 12.166 11 11 25.298 25.298 97.329 97.329 91 91
28.636 36.401 31.385 0 59.666 14.866 20.518 27.459 27.459 35.903 35.903 88.238 88.238 68.469 68.469
80.623 23.345 84.599 59.666 0 72.45 77.621 75.166 75.166 70.007 70.007 54.129 54.129 11.662 11.662
15.133 49.659 17.088 14.866 72.45 0 5.657 16.763 16.763 30 30 94.112 94.112 80.281 80.281
11.18 55.009 12.166 20.518 77.621 5.657 0 15 15 29.732 29.732 97.082 97.082 85.165 85.165
7.071 54.489 11 27.459 75.166 16.763 15 0 0 15.264 15.264 86.371 86.371 80.957 80.957
7.071 54.489 11 27.459 75.166 16.763 15 0 0 15.264 15.264 86.371 86.371 80.957 80.957
21.932 52.479 25.298 35.903 70.007 30 29.732 15.264 15.264 0 0 73 73 73.817 73.817
21.932 52.479 25.298 35.903 70.007 30 29.732 15.264 15.264 0 0 73 73 73.817 73.817
93.434 64.351 97.329 88.238 54.129 94.112 97.082 86.371 86.371 73 73 0 0 44.922 44.922
93.434 64.351 97.329 88.238 54.129 94.112 97.082 86.371 86.371 73 73 0 0 44.922 44.922
86.925 33.061 91 68.469 11.662 80.281 85.165 80.957 80.957 73.817 73.817 44.922 44.922 0 0
86.925 33.061 91 68.469 11.662 80.281 85.165 80.957 80.957 73.817 73.817 44.922 44.922 0 0

# e_i and l_i: first and last entries denote the depot time-window.
e_i = 0 393 60 93 90 46 256 37 208 261 454 0
l_i = 1686.33 513 180 213 210 166 376 157 328 381 574 1686.33

# p_i^{k,s}: first and last entries for i denote the depot.
p_i^{k,s} =
i=0
k=1: 0 0 0 0 0 0
k=2: 0 0 0 0 0 0
k=3: 0 0 0 0 0 0
i=1
k=1: 0 0 0 15 0 0
k=2: 0 0 0 15 0 0
k=3: 0 0 0 15 0 0
i=2
k=1: 15 0 0 0 0 0
k=2: 15 0 0 0 0 0
k=3: 15 0 0 0 0 0
i=3
k=1: 0 0 0 15 0 0
k=2: 0 0 0 15 0 0
k=3: 0 0 0 15 0 0
i=4
k=1: 15 0 0 0 0 0
k=2: 15 0 0 0 0 0
k=3: 15 0 0 0 0 0
i=5
k=1: 0 0 0 0 15 0
k=2: 0 0 0 0 15 0
k=3: 0 0 0 0 15 0
i=6
k=1: 0 0 0 0 15 0
k=2: 0 0 0 0 15 0
k=3: 0 0 0 0 15 0
i=7
k=1: 0 15 0 0 0 0
k=2: 0 15 0 0 0 0
k=3: 0 15 0 0 0 0
i=8
k=1: 0 0 0 15 15 0
k=2: 0 0 0 15 15 0
k=3: 0 0 0 15 15 0
i=9
k=1: 0 15 0 0 15 0
k=2: 0 15 0 0 15 0
k=3: 0 15 0 0 15 0
i=10
k=1: 0 0 15 15 0 0
k=2: 0 0 15 15 0 0
k=3: 0 0 15 15 0 0
i=11
k=1: 0 0 0 0 0 0
k=2: 0 0 0 0 0 0
k=3: 0 0 0 0 0 0

a_k^s =
1 1 1 0 0 0
0 0 0 0 1 0
0 0 0 1 0 1

# delta_min_i/delta_max_i are only listed for i in D.
delta_min_i =
8: 0
9: 57
10: 0
delta_max_i =
8: 0
9: 114
10: 0

