# Instance
name = 3_10_13_3_2

# Sets and Indices
K = 1..3
P = 1..10
T = 1..13
D = {8,9,10}

# Tasks: t -> (i,s) with i in P and s in services
tasks =
1: 1 5
2: 2 1
3: 3 3
4: 4 2
5: 5 4
6: 6 1
7: 7 1
8: 8 4
9: 8 5
10: 9 1
11: 9 6
12: 10 3
13: 10 5

# Parameters
d_uv =
0 49.041 34.366 41.593 63.285 35.511 28.636 51.624 51.624 36.401 36.401 61.717 61.717 37.216 37.216
49.041 0 83.295 60.108 35.355 66.287 76.295 50.99 50.99 69.642 69.642 101.597 101.597 83.678 83.678
34.366 83.295 0 54.562 92.347 41.037 10.63 72.402 72.402 38.419 38.419 42.426 42.426 14.142 14.142
41.593 60.108 54.562 0 47.676 14.318 43.932 20.224 20.224 18.028 18.028 47.381 47.381 44.777 44.777
63.285 35.355 92.347 47.676 0 60.033 82.71 29.155 29.155 64.031 64.031 95.037 95.037 87.132 87.132
35.511 66.287 41.037 14.318 60.033 0 30.48 34.205 34.205 4 4 36.056 36.056 30.529 30.529
28.636 76.295 10.63 43.932 82.71 30.48 0 61.911 61.911 28.018 28.018 37.696 37.696 9.22 9.22
51.624 50.99 72.402 20.224 29.155 34.205 61.911 0 0 38.079 38.079 67.067 67.067 64.078 64.078
51.624 50.99 72.402 20.224 29.155 34.205 61.911 0 0 38.079 38.079 67.067 67.067 64.078 64.078
36.401 69.642 38.419 18.028 64.031 4 28.018 38.079 38.079 0 0 32.311 32.311 27.203 27.203
36.401 69.642 38.419 18.028 64.031 4 28.018 38.079 38.079 0 0 32.311 32.311 27.203 27.203
61.717 101.597 42.426 47.381 95.037 36.056 37.696 67.067 67.067 32.311 32.311 0 0 29.12 29.12
61.717 101.597 42.426 47.381 95.037 36.056 37.696 67.067 67.067 32.311 32.311 0 0 29.12 29.12
37.216 83.678 14.142 44.777 87.132 30.529 9.22 64.078 64.078 27.203 27.203 29.12 29.12 0 0
37.216 83.678 14.142 44.777 87.132 30.529 9.22 64.078 64.078 27.203 27.203 29.12 29.12 0 0

# e_i and l_i: first and last entries denote the depot time-window.
e_i = 0 28 252 200 427 309 390 366 39 7 348 0
l_i = 1659.6 148 372 320 547 429 510 486 159 127 468 1659.6

# p_i^{k,s}: first and last entries for i denote the depot.
p_i^{k,s} =
i=0
k=1: 0 0 0 0 0 0
k=2: 0 0 0 0 0 0
k=3: 0 0 0 0 0 0
i=1
k=1: 0 0 0 0 11 0
k=2: 0 0 0 0 11 0
k=3: 0 0 0 0 11 0
i=2
k=1: 11 0 0 0 0 0
k=2: 11 0 0 0 0 0
k=3: 11 0 0 0 0 0
i=3
k=1: 0 0 11 0 0 0
k=2: 0 0 11 0 0 0
k=3: 0 0 11 0 0 0
i=4
k=1: 0 11 0 0 0 0
k=2: 0 11 0 0 0 0
k=3: 0 11 0 0 0 0
i=5
k=1: 0 0 0 11 0 0
k=2: 0 0 0 11 0 0
k=3: 0 0 0 11 0 0
i=6
k=1: 11 0 0 0 0 0
k=2: 11 0 0 0 0 0
k=3: 11 0 0 0 0 0
i=7
k=1: 11 0 0 0 0 0
k=2: 11 0 0 0 0 0
k=3: 11 0 0 0 0 0
i=8
k=1: 0 0 0 11 11 0
k=2: 0 0 0 11 11 0
k=3: 0 0 0 11 11 0
i=9
k=1: 11 0 0 0 0 11
k=2: 11 0 0 0 0 11
k=3: 11 0 0 0 0 11
i=10
k=1: 0 0 11 0 11 0
k=2: 0 0 11 0 11 0
k=3: 0 0 11 0 11 0
i=11
k=1: 0 0 0 0 0 0
k=2: 0 0 0 0 0 0
k=3: 0 0 0 0 0 0

a_k^s =
1 1 1 0 0 0
0 0 0 1 1 0
0 0 0 1 1 1

# delta_min_i/delta_max_i are only listed for i in D.
delta_min_i =
8: 0
9: 36
10: 49
delta_max_i =
8: 0
9: 72
10: 98

