# Instance
name = 3_10_13_3_4

# Sets and Indices
K = 1..3
P = 1..10
T = 1..13
D = {8,9,10}

# Tasks: t -> (i,s) with i in P and s in services
tasks =
1: 1 2
2: 2 1
3: 3 3
4: 4 1
5: 5 2
6: 6 6
7: 7 6
8: 8 5
9: 8 6
10: 9 3
11: 9 4
12: 10 1
13: 10 5

# Parameters
d_uv =
0 31.401 23.707 30 61.351 55.785 37.014 13.342 13.342 15.524 15.524 71.694 71.694 58.189 58.189
31.401 0 36.056 49.01 51.088 29.428 23.324 20 20 18.028 18.028 62.37 62.37 48.415 48.415
23.707 36.056 0 13.342 80.262 65.376 52.802 30 30 31.064 31.064 91.269 91.269 77.175 77.175
30 49.01 13.342 0 90.377 78.102 63.891 39.925 39.925 41.437 41.437 101.074 101.074 87.235 87.235
61.351 51.088 80.262 90.377 0 34.234 28.32 50.537 50.537 49.244 49.244 11.314 11.314 3.162 3.162
55.785 29.428 65.376 78.102 34.234 0 22.672 42.45 42.45 40.262 40.262 43.681 43.681 33.015 33.015
37.014 23.324 52.802 63.891 28.32 22.672 0 24.331 24.331 22.561 22.561 39.623 39.623 25.456 25.456
13.342 20 30 39.925 50.537 42.45 24.331 0 0 2.236 2.236 61.4 61.4 47.413 47.413
13.342 20 30 39.925 50.537 42.45 24.331 0 0 2.236 2.236 61.4 61.4 47.413 47.413
15.524 18.028 31.064 41.437 49.244 40.262 22.561 2.236 2.236 0 0 60.208 60.208 46.141 46.141
15.524 18.028 31.064 41.437 49.244 40.262 22.561 2.236 2.236 0 0 60.208 60.208 46.141 46.141
71.694 62.37 91.269 101.074 11.314 43.681 39.623 61.4 61.4 60.208 60.208 0 0 14.213 14.213
71.694 62.37 91.269 101.074 11.314 43.681 39.623 61.4 61.4 60.208 60.208 0 0 14.213 14.213
58.189 48.415 77.175 87.235 3.162 33.015 25.456 47.413 47.413 46.141 46.141 14.213 14.213 0 0
58.189 48.415 77.175 87.235 3.162 33.015 25.456 47.413 47.413 46.141 46.141 14.213 14.213 0 0

# e_i and l_i: first and last entries denote the depot time-window.
e_i = 0 451 156 146 18 1 83 137 124 310 401 0
l_i = 1691.07 571 276 266 138 121 203 257 244 430 521 1691.07

# p_i^{k,s}: first and last entries for i denote the depot.
p_i^{k,s} =
i=0
k=1: 0 0 0 0 0 0
k=2: 0 0 0 0 0 0
k=3: 0 0 0 0 0 0
i=1
k=1: 0 19 0 0 0 0
k=2: 0 19 0 0 0 0
k=3: 0 19 0 0 0 0
i=2
k=1: 19 0 0 0 0 0
k=2: 19 0 0 0 0 0
k=3: 19 0 0 0 0 0
i=3
k=1: 0 0 19 0 0 0
k=2: 0 0 19 0 0 0
k=3: 0 0 19 0 0 0
i=4
k=1: 19 0 0 0 0 0
k=2: 19 0 0 0 0 0
k=3: 19 0 0 0 0 0
i=5
k=1: 0 19 0 0 0 0
k=2: 0 19 0 0 0 0
k=3: 0 19 0 0 0 0
i=6
k=1: 0 0 0 0 0 19
k=2: 0 0 0 0 0 19
k=3: 0 0 0 0 0 19
i=7
k=1: 0 0 0 0 0 19
k=2: 0 0 0 0 0 19
k=3: 0 0 0 0 0 19
i=8
k=1: 0 0 0 0 19 19
k=2: 0 0 0 0 19 19
k=3: 0 0 0 0 19 19
i=9
k=1: 0 0 19 19 0 0
k=2: 0 0 19 19 0 0
k=3: 0 0 19 19 0 0
i=10
k=1: 19 0 0 0 19 0
k=2: 19 0 0 0 19 0
k=3: 19 0 0 0 19 0
i=11
k=1: 0 0 0 0 0 0
k=2: 0 0 0 0 0 0
k=3: 0 0 0 0 0 0

a_k^s =
1 1 1 0 0 0
0 0 0 0 1 1
0 0 0 1 1 1

# delta_min_i/delta_max_i are only listed for i in D.
delta_min_i =
8: 0
9: 17
10: 55
delta_max_i =
8: 0
9: 34
10: 110

