# Instance
name = 3_10_13_3_6

# Sets and Indices
K = 1..3
P = 1..10
T = 1..13
D = {8,9,10}

# Tasks: t -> (i,s) with i in P and s in services
tasks =
1: 1 2
2: 2 5
3: 3 5
4: 4 2
5: 5 6
6: 6 4
7: 7 6
8: 8 4
9: 8 5
10: 9 2
11: 9 6
12: 10 2
13: 10 5

# Parameters
d_uv =
0 41.485 42.202 57.009 2.828 40.497 47.676 37.121 37.121 12.728 12.728 66.483 66.483 41.304 41.304
41.485 0 15.232 46.271 40.162 33.541 48.166 60.605 60.605 36.892 36.892 59.304 59.304 46.098 46.098
42.202 15.232 0 61 41.869 47 34.059 69.318 69.318 42.202 42.202 73.98 73.98 33.121 33.121
57.009 46.271 61 0 54.203 17.029 89.961 42.048 42.048 44.407 44.407 13.038 13.038 85.884 85.884
2.828 40.162 41.869 54.203 0 37.736 49.366 35.014 35.014 9.899 9.899 63.655 63.655 43.105 43.105
40.497 33.541 47 17.029 37.736 0 73.736 34.438 34.438 28.178 28.178 28.636 28.636 69.354 69.354
47.676 48.166 34.059 89.961 49.366 73.736 0 84.149 84.149 56.009 56.009 102.318 102.318 6.708 6.708
37.121 60.605 69.318 42.048 35.014 34.438 84.149 0 0 28.636 28.636 44.385 44.385 78.026 78.026
37.121 60.605 69.318 42.048 35.014 34.438 84.149 0 0 28.636 28.636 44.385 44.385 78.026 78.026
12.728 36.892 42.202 44.407 9.899 28.178 56.009 28.636 28.636 0 0 53.759 53.759 50.16 50.16
12.728 36.892 42.202 44.407 9.899 28.178 56.009 28.636 28.636 0 0 53.759 53.759 50.16 50.16
66.483 59.304 73.98 13.038 63.655 28.636 102.318 44.385 44.385 53.759 53.759 0 0 97.99 97.99
66.483 59.304 73.98 13.038 63.655 28.636 102.318 44.385 44.385 53.759 53.759 0 0 97.99 97.99
41.304 46.098 33.121 85.884 43.105 69.354 6.708 78.026 78.026 50.16 50.16 97.99 97.99 0 0
41.304 46.098 33.121 85.884 43.105 69.354 6.708 78.026 78.026 50.16 50.16 97.99 97.99 0 0

# e_i and l_i: first and last entries denote the depot time-window.
e_i = 0 229 76 268 55 119 177 233 216 73 253 0
l_i = 1507.32 349 196 388 175 239 297 353 336 193 373 1507.32

# p_i^{k,s}: first and last entries for i denote the depot.
p_i^{k,s} =
i=0
k=1: 0 0 0 0 0 0
k=2: 0 0 0 0 0 0
k=3: 0 0 0 0 0 0
i=1
k=1: 0 17 0 0 0 0
k=2: 0 17 0 0 0 0
k=3: 0 17 0 0 0 0
i=2
k=1: 0 0 0 0 17 0
k=2: 0 0 0 0 17 0
k=3: 0 0 0 0 17 0
i=3
k=1: 0 0 0 0 17 0
k=2: 0 0 0 0 17 0
k=3: 0 0 0 0 17 0
i=4
k=1: 0 17 0 0 0 0
k=2: 0 17 0 0 0 0
k=3: 0 17 0 0 0 0
i=5
k=1: 0 0 0 0 0 17
k=2: 0 0 0 0 0 17
k=3: 0 0 0 0 0 17
i=6
k=1: 0 0 0 17 0 0
k=2: 0 0 0 17 0 0
k=3: 0 0 0 17 0 0
i=7
k=1: 0 0 0 0 0 17
k=2: 0 0 0 0 0 17
k=3: 0 0 0 0 0 17
i=8
k=1: 0 0 0 17 17 0
k=2: 0 0 0 17 17 0
k=3: 0 0 0 17 17 0
i=9
k=1: 0 17 0 0 0 17
k=2: 0 17 0 0 0 17
k=3: 0 17 0 0 0 17
i=10
k=1: 0 17 0 0 17 0
k=2: 0 17 0 0 17 0
k=3: 0 17 0 0 17 0
i=11
k=1: 0 0 0 0 0 0
k=2: 0 0 0 0 0 0
k=3: 0 0 0 0 0 0

a_k^s =
1 1 1 0 0 0
0 0 0 1 1 1
0 0 0 1 1 1

# delta_min_i/delta_max_i are only listed for i in D.
delta_min_i =
8: 0
9: 12
10: 19
delta_max_i =
8: 0
9: 24
10: 38

