# Instance
name = 3_10_13_3_1

# Sets and Indices
K = 1..3
P = 1..10
T = 1..13
D = {8,9,10}

# Tasks: t -> (i,s) with i in P and s in services
tasks =
1: 1 4
2: 2 5
3: 3 2
4: 4 4
5: 5 3
6: 6 5
7: 7 3
8: 8 5
9: 8 6
10: 9 1
11: 9 4
12: 10 3
13: 10 6

# Parameters
d_uv =
0 23.087 21.401 32.016 31.828 34 32.65 45.277 45.277 57.454 57.454 56.859 56.859 38.471 38.471
23.087 0 43.829 27.785 15.033 53.038 10.63 46.615 46.615 42.755 42.755 54.918 54.918 34.886 34.886
21.401 43.829 0 50.606 53.151 17.029 53.852 59.228 59.228 77.801 77.801 59.641 59.641 55.946 55.946
32.016 27.785 50.606 0 17.493 65.552 26.401 19.105 19.105 28.425 28.425 81.609 81.609 7.28 7.28
31.828 15.033 53.151 17.493 0 65 9.22 36.235 36.235 27.893 27.893 69.584 69.584 23.345 23.345
34 53.038 17.029 65.552 65 0 63.64 75.802 75.802 91.417 91.417 50.922 50.922 71.47 71.47
32.65 10.63 53.852 26.401 9.22 63.64 0 45.343 45.343 34.015 34.015 62.073 62.073 32.527 32.527
45.277 46.615 59.228 19.105 36.235 75.802 45.343 0 0 35.228 35.228 99.161 99.161 13.038 13.038
45.277 46.615 59.228 19.105 36.235 75.802 45.343 0 0 35.228 35.228 99.161 99.161 13.038 13.038
57.454 42.755 77.801 28.425 27.893 91.417 34.015 35.228 35.228 0 0 96.021 96.021 26.401 26.401
57.454 42.755 77.801 28.425 27.893 91.417 34.015 35.228 35.228 0 0 96.021 96.021 26.401 26.401
56.859 54.918 59.641 81.609 69.584 50.922 62.073 99.161 99.161 96.021 96.021 0 0 88.888 88.888
56.859 54.918 59.641 81.609 69.584 50.922 62.073 99.161 99.161 96.021 96.021 0 0 88.888 88.888
38.471 34.886 55.946 7.28 23.345 71.47 32.527 13.038 13.038 26.401 26.401 88.888 88.888 0 0
38.471 34.886 55.946 7.28 23.345 71.47 32.527 13.038 13.038 26.401 26.401 88.888 88.888 0 0

# e_i and l_i: first and last entries denote the depot time-window.
e_i = 0 345 268 247 393 254 184 434 46 298 148 0
l_i = 1667.16 465 388 367 513 374 304 554 166 418 268 1667.16

# p_i^{k,s}: first and last entries for i denote the depot.
p_i^{k,s} =
i=0
k=1: 0 0 0 0 0 0
k=2: 0 0 0 0 0 0
k=3: 0 0 0 0 0 0
i=1
k=1: 0 0 0 14 0 0
k=2: 0 0 0 14 0 0
k=3: 0 0 0 14 0 0
i=2
k=1: 0 0 0 0 14 0
k=2: 0 0 0 0 14 0
k=3: 0 0 0 0 14 0
i=3
k=1: 0 14 0 0 0 0
k=2: 0 14 0 0 0 0
k=3: 0 14 0 0 0 0
i=4
k=1: 0 0 0 14 0 0
k=2: 0 0 0 14 0 0
k=3: 0 0 0 14 0 0
i=5
k=1: 0 0 14 0 0 0
k=2: 0 0 14 0 0 0
k=3: 0 0 14 0 0 0
i=6
k=1: 0 0 0 0 14 0
k=2: 0 0 0 0 14 0
k=3: 0 0 0 0 14 0
i=7
k=1: 0 0 14 0 0 0
k=2: 0 0 14 0 0 0
k=3: 0 0 14 0 0 0
i=8
k=1: 0 0 0 0 14 14
k=2: 0 0 0 0 14 14
k=3: 0 0 0 0 14 14
i=9
k=1: 14 0 0 14 0 0
k=2: 14 0 0 14 0 0
k=3: 14 0 0 14 0 0
i=10
k=1: 0 0 14 0 0 14
k=2: 0 0 14 0 0 14
k=3: 0 0 14 0 0 14
i=11
k=1: 0 0 0 0 0 0
k=2: 0 0 0 0 0 0
k=3: 0 0 0 0 0 0

a_k^s =
1 1 1 0 0 0
0 0 0 0 1 1
0 0 0 1 1 1

# delta_min_i/delta_max_i are only listed for i in D.
delta_min_i =
8: 0
9: 51
10: 8
delta_max_i =
8: 0
9: 102
10: 16

