# Instance
name = 5_25_33_8_3

# Sets and Indices
K = 1..5
P = 1..25
T = 1..33
D = {18,19,20,21,22,23,24,25}

# Tasks: t -> (i,s) with i in P and s in services
tasks =
1: 1 5
2: 2 3
3: 3 4
4: 4 5
5: 5 5
6: 6 5
7: 7 5
8: 8 6
9: 9 1
10: 10 1
11: 11 1
12: 12 1
13: 13 1
14: 14 2
15: 15 2
16: 16 5
17: 17 4
18: 18 4
19: 18 5
20: 19 4
21: 19 6
22: 20 5
23: 20 6
24: 21 4
25: 21 6
26: 22 2
27: 22 4
28: 23 3
29: 23 4
30: 24 1
31: 24 5
32: 25 1
33: 25 4

# Parameters
d_uv =
0 5.099 30.232 35.014 95.258 85.428 31.623 30.61 86.764 47.854 20.1 67.007 48.703 24.698 73.783 25.71 64.031 68.884 68.884 39.051 39.051 72.67 72.67 44.643 44.643 52.612 52.612 77.162 77.162 32.28 32.28 96.177 96.177 59.076 59.076
5.099 0 26.833 30 90.355 80.498 32.65 26.173 81.841 42.942 19.235 62.032 43.658 22.361 69.065 24.021 59.548 63.789 63.789 34.132 34.132 68.007 68.007 42.579 42.579 47.518 47.518 72.111 72.111 30.265 30.265 91.302 91.302 54.406 54.406
30.232 26.833 0 30 70.342 61.188 27.459 9.22 62.37 26.306 15.811 56.356 30.364 8.246 47.434 11 36.249 50.804 50.804 34.828 34.828 45.88 45.88 18.682 18.682 38.91 38.91 56 56 10 10 70.88 70.88 32.985 32.985
35.014 30 30 0 65.299 55.317 53.535 21.095 56.727 21.541 38.079 32.062 18.601 34.059 47.434 37.643 41.785 35.341 35.341 5 5 47.17 47.17 47.885 47.885 18.385 18.385 44.944 44.944 39.699 39.699 66.603 66.603 34.928 34.928
95.258 90.355 70.342 65.299 0 10 95.885 65.552 8.602 47.413 86.128 47.539 47.434 78.588 23.195 81.025 35.128 32.45 32.45 64.351 64.351 25.08 25.08 73 73 48.104 48.104 21.633 21.633 76.942 76.942 2 2 37.363 37.363
85.428 80.498 61.188 55.317 10 0 87.281 55.973 1.414 37.577 76.903 39.294 37.443 69.426 15.297 72.007 27.166 23.259 23.259 54.452 54.452 17.464 17.464 65.276 65.276 38.288 38.288 12.649 12.649 68.264 68.264 11.314 11.314 28.284 28.284
31.623 32.65 27.459 53.535 95.885 87.281 0 35.735 88.363 53.759 15.62 83.006 57.723 20.248 72.691 16.763 60.828 78.262 78.262 58.524 58.524 70.859 70.859 25.554 25.554 65.788 65.788 83.15 83.15 19.026 19.026 96.177 96.177 59.076 59.076
30.61 26.173 9.22 21.095 65.552 55.973 35.735 0 57.245 19.105 22.023 47.424 22.204 15.524 43.417 18.974 33.422 43.105 43.105 25.807 25.807 42.19 42.19 26.833 26.833 30.083 30.083 49.366 49.366 19.209 19.209 66.31 66.31 28.653 28.653
86.764 81.841 62.37 56.727 8.602 1.414 88.363 57.245 0 38.91 78.102 40.522 38.833 70.612 16.125 73.164 28.071 24.597 24.597 55.866 55.866 18.248 18.248 66.189 66.189 39.699 39.699 13.928 13.928 69.354 69.354 9.899 9.899 29.428 29.428
47.854 42.942 26.306 21.541 47.413 37.577 53.759 19.105 38.91 0 41.012 32.558 5.831 34.059 26.87 37.216 20.248 24.515 24.515 23.345 23.345 26.249 26.249 38.013 38.013 15.811 15.811 30.265 30.265 35.44 35.44 48.374 48.374 13.416 13.416
20.1 19.235 15.811 38.079 86.128 76.903 15.62 22.023 78.102 41.012 0 68.308 44.181 7.616 63.246 6.403 52 65.123 65.123 43.046 43.046 61.685 61.685 25.08 25.08 51.42 51.42 71.176 71.176 13.038 13.038 86.683 86.683 48.765 48.765
67.007 62.032 56.356 32.062 47.539 39.294 83.006 47.424 40.522 32.558 68.308 0 27.019 62.769 41.304 66.31 44.385 17 17 28.018 28.018 42.579 42.579 70.434 70.434 17.493 17.493 26.683 26.683 66.242 66.242 49.396 49.396 38.471 38.471
48.703 43.658 30.364 18.601 47.434 37.443 57.723 22.204 38.833 5.831 44.181 27.019 0 37.656 28.844 41 24.331 21 21 19.313 19.313 28.653 28.653 43.417 43.417 10 10 28.46 28.46 39.925 39.925 48.6 48.6 17.263 17.263
24.698 22.361 8.246 34.059 78.588 69.426 20.248 15.524 70.612 34.059 7.616 62.769 37.656 0 55.66 3.606 44.385 58.421 58.421 39.051 39.051 54.083 54.083 20.224 20.224 45.541 45.541 64.031 64.031 8 8 79.12 79.12 41.231 41.231
73.783 69.065 47.434 47.434 23.195 15.297 72.691 43.417 16.125 26.87 63.246 41.304 28.844 55.66 0 57.974 12 24.515 24.515 47.885 47.885 2.236 2.236 50.09 50.09 33.526 33.526 18.601 18.601 53.759 53.759 23.537 23.537 14.765 14.765
25.71 24.021 11 37.643 81.025 72.007 16.763 18.974 73.164 37.216 6.403 66.31 41 3.606 57.974 0 46.487 61.66 61.66 42.638 42.638 56.321 56.321 18.974 18.974 49.041 49.041 67 67 6.708 6.708 81.492 81.492 43.738 43.738
64.031 59.548 36.249 41.785 35.128 27.166 60.828 33.422 28.071 20.248 52 44.385 24.331 44.385 12 46.487 0 29.411 29.411 43.417 43.417 10.05 10.05 38.118 38.118 32.062 32.062 27.459 27.459 41.976 41.976 35.355 35.355 7.071 7.071
68.884 63.789 50.804 35.341 32.45 23.259 78.262 43.105 24.597 24.515 65.123 17 21 58.421 24.515 61.66 29.411 0 0 33.287 33.287 25.962 25.962 61.27 61.27 17 17 10.817 10.817 59.908 59.908 34.132 34.132 24.759 24.759
68.884 63.789 50.804 35.341 32.45 23.259 78.262 43.105 24.597 24.515 65.123 17 21 58.421 24.515 61.66 29.411 0 0 33.287 33.287 25.962 25.962 61.27 61.27 17 17 10.817 10.817 59.908 59.908 34.132 34.132 24.759 24.759
39.051 34.132 34.828 5 64.351 54.452 58.524 25.807 55.866 23.345 43.046 28.018 19.313 39.051 47.885 42.638 43.417 33.287 33.287 0 0 47.854 47.854 52.479 52.479 16.401 16.401 43.417 43.417 44.598 44.598 65.765 65.765 36.401 36.401
39.051 34.132 34.828 5 64.351 54.452 58.524 25.807 55.866 23.345 43.046 28.018 19.313 39.051 47.885 42.638 43.417 33.287 33.287 0 0 47.854 47.854 52.479 52.479 16.401 16.401 43.417 43.417 44.598 44.598 65.765 65.765 36.401 36.401
72.67 68.007 45.88 47.17 25.08 17.464 70.859 42.19 18.248 26.249 61.685 42.579 28.653 54.083 2.236 56.321 10.05 25.962 25.962 47.854 47.854 0 0 48.042 48.042 33.956 33.956 20.616 20.616 51.971 51.971 25.318 25.318 13.601 13.601
72.67 68.007 45.88 47.17 25.08 17.464 70.859 42.19 18.248 26.249 61.685 42.579 28.653 54.083 2.236 56.321 10.05 25.962 25.962 47.854 47.854 0 0 48.042 48.042 33.956 33.956 20.616 20.616 51.971 51.971 25.318 25.318 13.601 13.601
44.643 42.579 18.682 47.885 73 65.276 25.554 26.833 66.189 38.013 25.08 70.434 43.417 20.224 50.09 18.974 38.118 61.27 61.27 52.479 52.479 48.042 48.042 0 0 53.151 53.151 63.6 63.6 12.369 12.369 73.027 73.027 38.328 38.328
44.643 42.579 18.682 47.885 73 65.276 25.554 26.833 66.189 38.013 25.08 70.434 43.417 20.224 50.09 18.974 38.118 61.27 61.27 52.479 52.479 48.042 48.042 0 0 53.151 53.151 63.6 63.6 12.369 12.369 73.027 73.027 38.328 38.328
52.612 47.518 38.91 18.385 48.104 38.288 65.788 30.083 39.699 15.811 51.42 17.493 10 45.541 33.526 49.041 32.062 17 17 16.401 16.401 33.956 33.956 53.151 53.151 0 0 27.019 27.019 48.765 48.765 49.578 49.578 25.179 25.179
52.612 47.518 38.91 18.385 48.104 38.288 65.788 30.083 39.699 15.811 51.42 17.493 10 45.541 33.526 49.041 32.062 17 17 16.401 16.401 33.956 33.956 53.151 53.151 0 0 27.019 27.019 48.765 48.765 49.578 49.578 25.179 25.179
77.162 72.111 56 44.944 21.633 12.649 83.15 49.366 13.928 30.265 71.176 26.683 28.46 64.031 18.601 67 27.459 10.817 10.817 43.417 43.417 20.616 20.616 63.6 63.6 27.019 27.019 0 0 64.281 64.281 23.324 23.324 25.298 25.298
77.162 72.111 56 44.944 21.633 12.649 83.15 49.366 13.928 30.265 71.176 26.683 28.46 64.031 18.601 67 27.459 10.817 10.817 43.417 43.417 20.616 20.616 63.6 63.6 27.019 27.019 0 0 64.281 64.281 23.324 23.324 25.298 25.298
32.28 30.265 10 39.699 76.942 68.264 19.026 19.209 69.354 35.44 13.038 66.242 39.925 8 53.759 6.708 41.976 59.908 59.908 44.598 44.598 51.971 51.971 12.369 12.369 48.765 48.765 64.281 64.281 0 0 77.279 77.279 40.05 40.05
32.28 30.265 10 39.699 76.942 68.264 19.026 19.209 69.354 35.44 13.038 66.242 39.925 8 53.759 6.708 41.976 59.908 59.908 44.598 44.598 51.971 51.971 12.369 12.369 48.765 48.765 64.281 64.281 0 0 77.279 77.279 40.05 40.05
96.177 91.302 70.88 66.603 2 11.314 96.177 66.31 9.899 48.374 86.683 49.396 48.6 79.12 23.537 81.492 35.355 34.132 34.132 65.765 65.765 25.318 25.318 73.027 73.027 49.578 49.578 23.324 23.324 77.279 77.279 0 0 37.947 37.947
96.177 91.302 70.88 66.603 2 11.314 96.177 66.31 9.899 48.374 86.683 49.396 48.6 79.12 23.537 81.492 35.355 34.132 34.132 65.765 65.765 25.318 25.318 73.027 73.027 49.578 49.578 23.324 23.324 77.279 77.279 0 0 37.947 37.947
59.076 54.406 32.985 34.928 37.363 28.284 59.076 28.653 29.428 13.416 48.765 38.471 17.263 41.231 14.765 43.738 7.071 24.759 24.759 36.401 36.401 13.601 13.601 38.328 38.328 25.179 25.179 25.298 25.298 40.05 40.05 37.947 37.947 0 0
59.076 54.406 32.985 34.928 37.363 28.284 59.076 28.653 29.428 13.416 48.765 38.471 17.263 41.231 14.765 43.738 7.071 24.759 24.759 36.401 36.401 13.601 13.601 38.328 38.328 25.179 25.179 25.298 25.298 40.05 40.05 37.947 37.947 0 0

# e_i and l_i: first and last entries denote the depot time-window.
e_i = 0 76 44 45 124 100 334 448 329 450 174 0 432 468 271 415 382 321 18 267 39 82 404 3 91 158 0
l_i = 1696.18 196 164 165 244 220 454 568 449 570 294 120 552 588 391 535 502 441 138 387 159 202 524 123 211 278 1696.18

# p_i^{k,s}: first and last entries for i denote the depot.
p_i^{k,s} =
i=0
k=1: 0 0 0 0 0 0
k=2: 0 0 0 0 0 0
k=3: 0 0 0 0 0 0
k=4: 0 0 0 0 0 0
k=5: 0 0 0 0 0 0
i=1
k=1: 0 0 0 0 12 0
k=2: 0 0 0 0 12 0
k=3: 0 0 0 0 12 0
k=4: 0 0 0 0 12 0
k=5: 0 0 0 0 12 0
i=2
k=1: 0 0 12 0 0 0
k=2: 0 0 12 0 0 0
k=3: 0 0 12 0 0 0
k=4: 0 0 12 0 0 0
k=5: 0 0 12 0 0 0
i=3
k=1: 0 0 0 12 0 0
k=2: 0 0 0 12 0 0
k=3: 0 0 0 12 0 0
k=4: 0 0 0 12 0 0
k=5: 0 0 0 12 0 0
i=4
k=1: 0 0 0 0 12 0
k=2: 0 0 0 0 12 0
k=3: 0 0 0 0 12 0
k=4: 0 0 0 0 12 0
k=5: 0 0 0 0 12 0
i=5
k=1: 0 0 0 0 12 0
k=2: 0 0 0 0 12 0
k=3: 0 0 0 0 12 0
k=4: 0 0 0 0 12 0
k=5: 0 0 0 0 12 0
i=6
k=1: 0 0 0 0 12 0
k=2: 0 0 0 0 12 0
k=3: 0 0 0 0 12 0
k=4: 0 0 0 0 12 0
k=5: 0 0 0 0 12 0
i=7
k=1: 0 0 0 0 12 0
k=2: 0 0 0 0 12 0
k=3: 0 0 0 0 12 0
k=4: 0 0 0 0 12 0
k=5: 0 0 0 0 12 0
i=8
k=1: 0 0 0 0 0 12
k=2: 0 0 0 0 0 12
k=3: 0 0 0 0 0 12
k=4: 0 0 0 0 0 12
k=5: 0 0 0 0 0 12
i=9
k=1: 12 0 0 0 0 0
k=2: 12 0 0 0 0 0
k=3: 12 0 0 0 0 0
k=4: 12 0 0 0 0 0
k=5: 12 0 0 0 0 0
i=10
k=1: 12 0 0 0 0 0
k=2: 12 0 0 0 0 0
k=3: 12 0 0 0 0 0
k=4: 12 0 0 0 0 0
k=5: 12 0 0 0 0 0
i=11
k=1: 12 0 0 0 0 0
k=2: 12 0 0 0 0 0
k=3: 12 0 0 0 0 0
k=4: 12 0 0 0 0 0
k=5: 12 0 0 0 0 0
i=12
k=1: 12 0 0 0 0 0
k=2: 12 0 0 0 0 0
k=3: 12 0 0 0 0 0
k=4: 12 0 0 0 0 0
k=5: 12 0 0 0 0 0
i=13
k=1: 12 0 0 0 0 0
k=2: 12 0 0 0 0 0
k=3: 12 0 0 0 0 0
k=4: 12 0 0 0 0 0
k=5: 12 0 0 0 0 0
i=14
k=1: 0 12 0 0 0 0
k=2: 0 12 0 0 0 0
k=3: 0 12 0 0 0 0
k=4: 0 12 0 0 0 0
k=5: 0 12 0 0 0 0
i=15
k=1: 0 12 0 0 0 0
k=2: 0 12 0 0 0 0
k=3: 0 12 0 0 0 0
k=4: 0 12 0 0 0 0
k=5: 0 12 0 0 0 0
i=16
k=1: 0 0 0 0 12 0
k=2: 0 0 0 0 12 0
k=3: 0 0 0 0 12 0
k=4: 0 0 0 0 12 0
k=5: 0 0 0 0 12 0
i=17
k=1: 0 0 0 12 0 0
k=2: 0 0 0 12 0 0
k=3: 0 0 0 12 0 0
k=4: 0 0 0 12 0 0
k=5: 0 0 0 12 0 0
i=18
k=1: 0 0 0 12 12 0
k=2: 0 0 0 12 12 0
k=3: 0 0 0 12 12 0
k=4: 0 0 0 12 12 0
k=5: 0 0 0 12 12 0
i=19
k=1: 0 0 0 12 0 12
k=2: 0 0 0 12 0 12
k=3: 0 0 0 12 0 12
k=4: 0 0 0 12 0 12
k=5: 0 0 0 12 0 12
i=20
k=1: 0 0 0 0 12 12
k=2: 0 0 0 0 12 12
k=3: 0 0 0 0 12 12
k=4: 0 0 0 0 12 12
k=5: 0 0 0 0 12 12
i=21
k=1: 0 0 0 12 0 12
k=2: 0 0 0 12 0 12
k=3: 0 0 0 12 0 12
k=4: 0 0 0 12 0 12
k=5: 0 0 0 12 0 12
i=22
k=1: 0 12 0 12 0 0
k=2: 0 12 0 12 0 0
k=3: 0 12 0 12 0 0
k=4: 0 12 0 12 0 0
k=5: 0 12 0 12 0 0
i=23
k=1: 0 0 12 12 0 0
k=2: 0 0 12 12 0 0
k=3: 0 0 12 12 0 0
k=4: 0 0 12 12 0 0
k=5: 0 0 12 12 0 0
i=24
k=1: 12 0 0 0 12 0
k=2: 12 0 0 0 12 0
k=3: 12 0 0 0 12 0
k=4: 12 0 0 0 12 0
k=5: 12 0 0 0 12 0
i=25
k=1: 12 0 0 12 0 0
k=2: 12 0 0 12 0 0
k=3: 12 0 0 12 0 0
k=4: 12 0 0 12 0 0
k=5: 12 0 0 12 0 0
i=26
k=1: 0 0 0 0 0 0
k=2: 0 0 0 0 0 0
k=3: 0 0 0 0 0 0
k=4: 0 0 0 0 0 0
k=5: 0 0 0 0 0 0

a_k^s =
1 1 0 0 0 0
1 0 1 0 0 0
0 0 0 1 1 1
0 0 0 1 1 0
0 0 0 1 1 1

# delta_min_i/delta_max_i are only listed for i in D.
delta_min_i =
18: 0
19: 0
20: 0
21: 0
22: 57
23: 31
24: 29
25: 38
delta_max_i =
18: 0
19: 0
20: 0
21: 0
22: 114
23: 62
24: 58
25: 76

