# Instance
name = 5_25_33_8_2

# Sets and Indices
K = 1..5
P = 1..25
T = 1..33
D = {18,19,20,21,22,23,24,25}

# Tasks: t -> (i,s) with i in P and s in services
tasks =
1: 1 6
2: 2 5
3: 3 3
4: 4 3
5: 5 1
6: 6 6
7: 7 5
8: 8 6
9: 9 3
10: 10 4
11: 11 6
12: 12 4
13: 13 2
14: 14 1
15: 15 3
16: 16 5
17: 17 1
18: 18 5
19: 18 6
20: 19 4
21: 19 6
22: 20 5
23: 20 6
24: 21 5
25: 21 6
26: 22 1
27: 22 4
28: 23 3
29: 23 5
30: 24 3
31: 24 5
32: 25 2
33: 25 5

# Parameters
d_uv =
0 68.359 37.736 52.038 43.566 27.295 46.271 42.19 62.65 79.322 66.121 13.153 21.84 73.007 18.028 32.757 79.076 48.01 48.01 13.928 13.928 45.122 45.122 31.257 31.257 33.136 33.136 33.302 33.302 21 21 74.169 74.169 23.854 23.854
68.359 0 54.12 18.358 25 41.11 25.06 80.056 21.954 37.054 11.18 55.227 75.313 37.108 83.054 55.154 35.014 51.225 51.225 63.285 63.285 86.331 86.331 68.352 68.352 35.228 35.228 49.396 49.396 47.518 47.518 13.416 13.416 82.037 82.037
37.736 54.12 0 46.69 33.971 28.862 45.222 26 37.483 47.539 58.412 30.806 28.231 40.522 41.34 5 48.052 10.63 10.63 24.207 24.207 32.311 32.311 16.031 16.031 31.78 31.78 7.28 7.28 32.016 32.016 65.46 65.46 35.114 35.114
52.038 18.358 46.69 0 12.728 25.71 6.708 71.218 28.443 48.083 14.142 39.205 62.394 45.541 68.066 46.098 46.487 47.508 47.508 49.336 49.336 77.201 77.201 58.249 58.249 19.647 19.647 40.361 40.361 31.064 31.064 22.204 22.204 68.622 68.622
43.566 25 33.971 12.728 0 16.279 12.369 58.6 23.601 43.566 25.495 30.414 50.961 39.395 58.078 33.422 42.438 35.341 35.341 38.471 38.471 64.637 64.637 45.793 45.793 10.77 10.77 27.659 27.659 23.087 23.087 33.242 33.242 57.489 57.489
27.295 41.11 28.862 25.71 16.279 0 21.024 49.041 37.202 55.866 39.812 14.142 37.121 50.448 42.426 26 55.172 35.014 35.014 23.77 23.77 54.489 54.489 35.468 35.468 6.083 6.083 21.587 21.587 7.211 7.211 47.854 47.854 43.081 43.081
46.271 25.06 45.222 6.708 12.369 21.024 0 68.622 32.894 52.924 20.025 33.734 58.138 49.729 62.817 43.932 51.478 47.539 47.539 44.777 44.777 74.411 74.411 55.317 55.317 15.264 15.264 38.419 38.419 25.495 25.495 28 28 64.078 64.078
42.19 80.056 26 71.218 58.6 49.041 68.622 0 63.063 70.029 83.762 43.463 21.095 63.008 33.838 25.239 71 32.14 32.14 30.364 30.364 6.325 6.325 13.601 13.601 53.759 53.759 31.064 31.064 48.877 48.877 91.066 91.066 23.77 23.77
62.65 21.954 37.483 28.443 23.601 37.202 32.894 63.063 0 20.125 31.321 50.12 63.198 17.117 73.756 40.05 18.868 31.78 31.78 53.6 53.6 69.376 69.376 53.235 53.235 33.242 33.242 35.014 35.014 44.407 44.407 35.355 35.355 70.257 70.257
79.322 37.054 47.539 48.083 43.566 55.866 52.924 70.029 20.125 0 48 67.624 75.584 7.071 87.846 51.546 2.236 38.328 38.328 68.425 68.425 76 76 63.348 63.348 52.631 52.631 47.927 47.927 62.936 62.936 49.649 49.649 82.565 82.565
66.121 11.18 58.412 14.142 25.495 39.812 20.025 83.762 31.321 48 0 53.339 76.217 47.518 82.201 58.524 46.011 57.385 57.385 63.325 63.325 89.889 89.889 71.197 71.197 33.734 33.734 52.697 52.697 45.177 45.177 8.062 8.062 82.565 82.565
13.153 55.227 30.806 39.205 30.414 14.142 33.734 43.463 50.12 67.624 53.339 0 26.87 61.62 29.12 26.306 67.201 39.925 39.925 13.601 13.601 47.885 47.885 30.364 30.364 20.025 20.025 24.698 24.698 8.246 8.246 61.4 61.4 31.623 31.623
21.84 75.313 28.231 62.394 50.961 37.121 58.138 21.095 63.198 75.584 76.217 26.87 0 68.622 14.213 24.042 75.961 38.471 38.471 13.601 13.601 23.345 23.345 14.142 14.142 42.953 42.953 28.284 28.284 34.205 34.205 84.119 84.119 7.071 7.071
73.007 37.108 40.522 45.541 39.395 50.448 49.729 63.008 17.117 7.071 47.518 61.62 68.622 0 81.025 44.598 8.062 31.257 31.257 61.774 61.774 69.007 69.007 56.294 56.294 47.707 47.707 41.146 41.146 57.385 57.385 50.289 50.289 75.584 75.584
18.028 83.054 41.34 68.066 58.078 42.426 62.817 33.838 73.756 87.846 82.201 29.12 14.213 81.025 0 36.715 88.023 51.865 51.865 20.224 20.224 34.366 34.366 28.32 28.32 48.508 48.508 39.925 39.925 37.363 37.363 90.255 90.255 10.198 10.198
32.757 55.154 5 46.098 33.422 26 43.932 25.239 40.05 51.546 58.524 26.306 24.042 44.598 36.715 0 51.923 15.556 15.556 19.209 19.209 31.385 31.385 13.342 13.342 29.682 29.682 5.831 5.831 28.284 28.284 65.863 65.863 31.048 31.048
79.076 35.014 48.052 46.487 42.438 55.172 51.478 71 18.868 2.236 46.011 67.201 75.961 8.062 88.023 51.923 0 39.115 39.115 68.447 68.447 77.026 77.026 63.953 63.953 51.74 51.74 48.104 48.104 62.29 62.29 47.518 47.518 82.97 82.97
48.01 51.225 10.63 47.508 35.341 35.014 47.539 32.14 31.78 38.328 57.385 39.925 38.471 31.257 51.865 15.556 39.115 0 0 34.713 34.713 38.328 38.328 25.298 25.298 36.346 36.346 15.232 15.232 39.623 39.623 63.655 63.655 45.188 45.188
48.01 51.225 10.63 47.508 35.341 35.014 47.539 32.14 31.78 38.328 57.385 39.925 38.471 31.257 51.865 15.556 39.115 0 0 34.713 34.713 38.328 38.328 25.298 25.298 36.346 36.346 15.232 15.232 39.623 39.623 63.655 63.655 45.188 45.188
13.928 63.285 24.207 49.336 38.471 23.77 44.777 30.364 53.6 68.425 63.325 13.601 13.601 61.774 20.224 19.209 68.447 34.713 34.713 0 0 34.438 34.438 18.028 18.028 29.732 29.732 20.809 20.809 20.616 20.616 71.309 71.309 19.313 19.313
13.928 63.285 24.207 49.336 38.471 23.77 44.777 30.364 53.6 68.425 63.325 13.601 13.601 61.774 20.224 19.209 68.447 34.713 34.713 0 0 34.438 34.438 18.028 18.028 29.732 29.732 20.809 20.809 20.616 20.616 71.309 71.309 19.313 19.313
45.122 86.331 32.311 77.201 64.637 54.489 74.411 6.325 69.376 76 89.889 47.885 23.345 69.007 34.366 31.385 77.026 38.328 38.328 34.438 34.438 0 0 19.105 19.105 59.414 59.414 37.216 37.216 53.824 53.824 97.247 97.247 24.187 24.187
45.122 86.331 32.311 77.201 64.637 54.489 74.411 6.325 69.376 76 89.889 47.885 23.345 69.007 34.366 31.385 77.026 38.328 38.328 34.438 34.438 0 0 19.105 19.105 59.414 59.414 37.216 37.216 53.824 53.824 97.247 97.247 24.187 24.187
31.257 68.352 16.031 58.249 45.793 35.468 55.317 13.601 53.235 63.348 71.197 30.364 14.142 56.294 28.32 13.342 63.953 25.298 25.298 18.028 18.028 19.105 19.105 0 0 40.311 40.311 18.974 18.974 35.355 35.355 78.715 78.715 20.248 20.248
31.257 68.352 16.031 58.249 45.793 35.468 55.317 13.601 53.235 63.348 71.197 30.364 14.142 56.294 28.32 13.342 63.953 25.298 25.298 18.028 18.028 19.105 19.105 0 0 40.311 40.311 18.974 18.974 35.355 35.355 78.715 78.715 20.248 20.248
33.136 35.228 31.78 19.647 10.77 6.083 15.264 53.759 33.242 52.631 33.734 20.025 42.953 47.707 48.508 29.682 51.74 36.346 36.346 29.732 29.732 59.414 59.414 40.311 40.311 0 0 24.597 24.597 12.369 12.369 41.773 41.773 49.041 49.041
33.136 35.228 31.78 19.647 10.77 6.083 15.264 53.759 33.242 52.631 33.734 20.025 42.953 47.707 48.508 29.682 51.74 36.346 36.346 29.732 29.732 59.414 59.414 40.311 40.311 0 0 24.597 24.597 12.369 12.369 41.773 41.773 49.041 49.041
33.302 49.396 7.28 40.361 27.659 21.587 38.419 31.064 35.014 47.927 52.697 24.698 28.284 41.146 39.925 5.831 48.104 15.232 15.232 20.809 20.809 37.216 37.216 18.974 18.974 24.597 24.597 0 0 25.02 25.02 60.033 60.033 35.355 35.355
33.302 49.396 7.28 40.361 27.659 21.587 38.419 31.064 35.014 47.927 52.697 24.698 28.284 41.146 39.925 5.831 48.104 15.232 15.232 20.809 20.809 37.216 37.216 18.974 18.974 24.597 24.597 0 0 25.02 25.02 60.033 60.033 35.355 35.355
21 47.518 32.016 31.064 23.087 7.211 25.495 48.877 44.407 62.936 45.177 8.246 34.205 57.385 37.363 28.284 62.29 39.623 39.623 20.616 20.616 53.824 53.824 35.355 35.355 12.369 12.369 25.02 25.02 0 0 53.235 53.235 39.446 39.446
21 47.518 32.016 31.064 23.087 7.211 25.495 48.877 44.407 62.936 45.177 8.246 34.205 57.385 37.363 28.284 62.29 39.623 39.623 20.616 20.616 53.824 53.824 35.355 35.355 12.369 12.369 25.02 25.02 0 0 53.235 53.235 39.446 39.446
74.169 13.416 65.46 22.204 33.242 47.854 28 91.066 35.355 49.649 8.062 61.4 84.119 50.289 90.255 65.863 47.518 63.655 63.655 71.309 71.309 97.247 97.247 78.715 78.715 41.773 41.773 60.033 60.033 53.235 53.235 0 0 90.521 90.521
74.169 13.416 65.46 22.204 33.242 47.854 28 91.066 35.355 49.649 8.062 61.4 84.119 50.289 90.255 65.863 47.518 63.655 63.655 71.309 71.309 97.247 97.247 78.715 78.715 41.773 41.773 60.033 60.033 53.235 53.235 0 0 90.521 90.521
23.854 82.037 35.114 68.622 57.489 43.081 64.078 23.77 70.257 82.565 82.565 31.623 7.071 75.584 10.198 31.048 82.97 45.188 45.188 19.313 19.313 24.187 24.187 20.248 20.248 49.041 49.041 35.355 35.355 39.446 39.446 90.521 90.521 0 0
23.854 82.037 35.114 68.622 57.489 43.081 64.078 23.77 70.257 82.565 82.565 31.623 7.071 75.584 10.198 31.048 82.97 45.188 45.188 19.313 19.313 24.187 24.187 20.248 20.248 49.041 49.041 35.355 35.355 39.446 39.446 90.521 90.521 0 0

# e_i and l_i: first and last entries denote the depot time-window.
e_i = 0 287 172 194 464 426 5 334 131 122 201 71 183 427 0 68 10 138 295 257 177 228 125 168 476 361 0
l_i = 1703.25 407 292 314 584 546 125 454 251 242 321 191 303 547 120 188 130 258 415 377 297 348 245 288 596 481 1703.25

# p_i^{k,s}: first and last entries for i denote the depot.
p_i^{k,s} =
i=0
k=1: 0 0 0 0 0 0
k=2: 0 0 0 0 0 0
k=3: 0 0 0 0 0 0
k=4: 0 0 0 0 0 0
k=5: 0 0 0 0 0 0
i=1
k=1: 0 0 0 0 0 10
k=2: 0 0 0 0 0 10
k=3: 0 0 0 0 0 10
k=4: 0 0 0 0 0 10
k=5: 0 0 0 0 0 10
i=2
k=1: 0 0 0 0 10 0
k=2: 0 0 0 0 10 0
k=3: 0 0 0 0 10 0
k=4: 0 0 0 0 10 0
k=5: 0 0 0 0 10 0
i=3
k=1: 0 0 10 0 0 0
k=2: 0 0 10 0 0 0
k=3: 0 0 10 0 0 0
k=4: 0 0 10 0 0 0
k=5: 0 0 10 0 0 0
i=4
k=1: 0 0 10 0 0 0
k=2: 0 0 10 0 0 0
k=3: 0 0 10 0 0 0
k=4: 0 0 10 0 0 0
k=5: 0 0 10 0 0 0
i=5
k=1: 10 0 0 0 0 0
k=2: 10 0 0 0 0 0
k=3: 10 0 0 0 0 0
k=4: 10 0 0 0 0 0
k=5: 10 0 0 0 0 0
i=6
k=1: 0 0 0 0 0 10
k=2: 0 0 0 0 0 10
k=3: 0 0 0 0 0 10
k=4: 0 0 0 0 0 10
k=5: 0 0 0 0 0 10
i=7
k=1: 0 0 0 0 10 0
k=2: 0 0 0 0 10 0
k=3: 0 0 0 0 10 0
k=4: 0 0 0 0 10 0
k=5: 0 0 0 0 10 0
i=8
k=1: 0 0 0 0 0 10
k=2: 0 0 0 0 0 10
k=3: 0 0 0 0 0 10
k=4: 0 0 0 0 0 10
k=5: 0 0 0 0 0 10
i=9
k=1: 0 0 10 0 0 0
k=2: 0 0 10 0 0 0
k=3: 0 0 10 0 0 0
k=4: 0 0 10 0 0 0
k=5: 0 0 10 0 0 0
i=10
k=1: 0 0 0 10 0 0
k=2: 0 0 0 10 0 0
k=3: 0 0 0 10 0 0
k=4: 0 0 0 10 0 0
k=5: 0 0 0 10 0 0
i=11
k=1: 0 0 0 0 0 10
k=2: 0 0 0 0 0 10
k=3: 0 0 0 0 0 10
k=4: 0 0 0 0 0 10
k=5: 0 0 0 0 0 10
i=12
k=1: 0 0 0 10 0 0
k=2: 0 0 0 10 0 0
k=3: 0 0 0 10 0 0
k=4: 0 0 0 10 0 0
k=5: 0 0 0 10 0 0
i=13
k=1: 0 10 0 0 0 0
k=2: 0 10 0 0 0 0
k=3: 0 10 0 0 0 0
k=4: 0 10 0 0 0 0
k=5: 0 10 0 0 0 0
i=14
k=1: 10 0 0 0 0 0
k=2: 10 0 0 0 0 0
k=3: 10 0 0 0 0 0
k=4: 10 0 0 0 0 0
k=5: 10 0 0 0 0 0
i=15
k=1: 0 0 10 0 0 0
k=2: 0 0 10 0 0 0
k=3: 0 0 10 0 0 0
k=4: 0 0 10 0 0 0
k=5: 0 0 10 0 0 0
i=16
k=1: 0 0 0 0 10 0
k=2: 0 0 0 0 10 0
k=3: 0 0 0 0 10 0
k=4: 0 0 0 0 10 0
k=5: 0 0 0 0 10 0
i=17
k=1: 10 0 0 0 0 0
k=2: 10 0 0 0 0 0
k=3: 10 0 0 0 0 0
k=4: 10 0 0 0 0 0
k=5: 10 0 0 0 0 0
i=18
k=1: 0 0 0 0 10 10
k=2: 0 0 0 0 10 10
k=3: 0 0 0 0 10 10
k=4: 0 0 0 0 10 10
k=5: 0 0 0 0 10 10
i=19
k=1: 0 0 0 10 0 10
k=2: 0 0 0 10 0 10
k=3: 0 0 0 10 0 10
k=4: 0 0 0 10 0 10
k=5: 0 0 0 10 0 10
i=20
k=1: 0 0 0 0 10 10
k=2: 0 0 0 0 10 10
k=3: 0 0 0 0 10 10
k=4: 0 0 0 0 10 10
k=5: 0 0 0 0 10 10
i=21
k=1: 0 0 0 0 10 10
k=2: 0 0 0 0 10 10
k=3: 0 0 0 0 10 10
k=4: 0 0 0 0 10 10
k=5: 0 0 0 0 10 10
i=22
k=1: 10 0 0 10 0 0
k=2: 10 0 0 10 0 0
k=3: 10 0 0 10 0 0
k=4: 10 0 0 10 0 0
k=5: 10 0 0 10 0 0
i=23
k=1: 0 0 10 0 10 0
k=2: 0 0 10 0 10 0
k=3: 0 0 10 0 10 0
k=4: 0 0 10 0 10 0
k=5: 0 0 10 0 10 0
i=24
k=1: 0 0 10 0 10 0
k=2: 0 0 10 0 10 0
k=3: 0 0 10 0 10 0
k=4: 0 0 10 0 10 0
k=5: 0 0 10 0 10 0
i=25
k=1: 0 10 0 0 10 0
k=2: 0 10 0 0 10 0
k=3: 0 10 0 0 10 0
k=4: 0 10 0 0 10 0
k=5: 0 10 0 0 10 0
i=26
k=1: 0 0 0 0 0 0
k=2: 0 0 0 0 0 0
k=3: 0 0 0 0 0 0
k=4: 0 0 0 0 0 0
k=5: 0 0 0 0 0 0

a_k^s =
1 0 0 0 0 0
0 1 1 0 0 0
0 0 0 0 0 1
0 0 0 1 1 1
0 0 0 1 1 1

# delta_min_i/delta_max_i are only listed for i in D.
delta_min_i =
18: 0
19: 0
20: 0
21: 0
22: 45
23: 11
24: 45
25: 5
delta_max_i =
18: 0
19: 0
20: 0
21: 0
22: 90
23: 22
24: 90
25: 10

