# Instance
name = 5_25_33_8_1

# Sets and Indices
K = 1..5
P = 1..25
T = 1..33
D = {18,19,20,21,22,23,24,25}

# Tasks: t -> (i,s) with i in P and s in services
tasks =
1: 1 3
2: 2 5
3: 3 4
4: 4 5
5: 5 4
6: 6 4
7: 7 2
8: 8 5
9: 9 1
10: 10 2
11: 11 3
12: 12 3
13: 13 3
14: 14 3
15: 15 3
16: 16 1
17: 17 2
18: 18 4
19: 18 5
20: 19 4
21: 19 6
22: 20 5
23: 20 6
24: 21 4
25: 21 6
26: 22 3
27: 22 5
28: 23 1
29: 23 4
30: 24 3
31: 24 4
32: 25 2
33: 25 5

# Parameters
d_uv =
0 78.816 20.616 64.475 90.609 63.891 71.281 67.268 59.211 73.164 21.954 42.72 55.758 77.175 80.231 93.622 63.781 80.062 80.062 90.338 90.338 33.302 33.302 92.136 92.136 58.034 58.034 24.187 24.187 72.945 72.945 49.092 49.092 59.211 59.211
78.816 0 62.169 20.616 38.288 15.811 7.81 33.061 41.304 33.956 57.009 36.235 34.015 6.325 35.341 36.125 22.091 36.249 36.249 18.028 18.028 45.793 45.793 49.649 49.649 44.407 44.407 64.846 64.846 6.708 6.708 67.067 67.067 41.304 41.304
20.616 62.169 0 51.478 81.025 46.53 55.154 58.31 52.887 64.281 13.601 28.284 35.609 61.685 71.176 83.054 44.688 71.253 71.253 75.961 75.961 17.263 17.263 85.159 85.159 52.811 52.811 7.071 7.071 57.009 57.009 31.953 31.953 52.887 52.887
64.475 20.616 51.478 0 31.321 18.028 14 14.765 21 18.385 42.72 23.195 35.805 15.652 23.324 32.249 27.803 23.854 23.854 26.077 26.077 34.234 34.234 39.115 39.115 24.021 24.021 56.036 56.036 14.142 14.142 66.129 66.129 21 21
90.609 38.288 81.025 31.321 0 46.648 37.802 23.345 32.311 17.464 70.257 53.339 66.189 32.527 10.44 5.385 56.303 10.77 10.77 24.352 24.352 64.195 64.195 12.369 12.369 34.438 34.438 86.284 86.284 36.235 36.235 97.406 97.406 32.311 32.311
63.891 15.811 46.53 18.028 46.648 0 10.05 32.757 37.363 36.235 42.426 22.204 19.925 17.029 40.361 46.098 9.899 41.037 41.037 32.016 32.016 30.61 30.61 56.08 56.08 40.025 40.025 49.041 49.041 12.042 12.042 52.612 52.612 37.363 37.363
71.281 7.81 55.154 14 37.802 10.05 0 27.893 35 29.967 49.406 28.601 29.833 7 32.802 36.715 18.788 33.601 33.601 22 22 38.471 38.471 48.104 48.104 38.013 38.013 58.241 58.241 2 2 62.65 62.65 35 35
67.268 33.061 58.31 14.765 23.345 32.757 27.893 0 10.63 6 47.043 31.623 49.518 27 13.038 26.571 42.438 13 13 30.887 30.887 41.976 41.976 27.203 27.203 13.601 13.601 63.953 63.953 27.459 27.459 77.827 77.827 10.63 10.63
59.211 41.304 52.887 21 32.311 37.363 35 10.63 0 15.264 40.448 29.206 51.039 35.693 21.932 36.235 46.239 21.541 21.541 41.34 41.34 38.013 38.013 33 33 3.162 3.162 59.135 59.135 35.057 35.057 76.026 76.026 0 0
73.164 33.956 64.281 18.385 17.464 36.235 29.967 6 15.264 0 53.038 37.363 54.037 27.659 7.071 21.024 46.098 7 7 28.46 28.46 47.854 47.854 21.541 21.541 17.804 17.804 69.871 69.871 29.155 29.155 83.193 83.193 15.264 15.264
21.954 57.009 13.601 42.72 70.257 42.426 49.406 47.043 40.448 53.038 0 20.809 37.643 55.227 60.075 72.835 43.566 60.033 60.033 68.447 68.447 12.53 12.53 73.246 73.246 40.025 40.025 20.616 20.616 51.039 51.039 43.909 43.909 40.448 40.448
42.72 36.235 28.284 23.195 53.339 22.204 28.601 31.623 29.206 37.363 20.809 0 24.739 34.482 43.932 55.009 25.71 44.147 44.147 48.104 48.104 11.045 11.045 58.822 58.822 30.414 30.414 33.015 33.015 30.232 30.232 46.872 46.872 29.206 29.206
55.758 34.015 35.609 35.805 66.189 19.925 29.833 49.518 51.039 54.037 37.643 24.739 0 36.674 59.076 65.924 12.042 59.641 59.641 51.478 51.478 25.495 25.495 74.887 74.887 53 53 35.468 35.468 31.78 31.78 33.061 33.061 51.039 51.039
77.175 6.325 61.685 15.652 32.527 17.029 7 27 35.693 27.659 55.227 34.482 36.674 0 29.069 30.806 25.298 29.967 29.967 15 15 44.777 44.777 43.6 43.6 38.833 38.833 65 65 5 5 69.584 69.584 35.693 35.693
80.231 35.341 71.176 23.324 10.44 40.361 32.802 13.038 21.932 7.071 60.075 43.932 59.076 29.069 0 14.422 50.249 1 1 26.077 26.077 54.589 54.589 15.811 15.811 24.187 24.187 76.655 76.655 31.623 31.623 89.157 89.157 21.932 21.932
93.622 36.125 83.054 32.249 5.385 46.098 36.715 26.571 36.235 21.024 72.835 55.009 65.924 30.806 14.422 0 55.471 15 15 20.591 20.591 66 66 17.029 17.029 38.588 38.588 88.023 88.023 34.986 34.986 97.801 97.801 36.235 36.235
63.781 22.091 44.688 27.803 56.303 9.899 18.788 42.438 46.239 46.098 43.566 25.71 12.042 25.298 50.249 55.471 0 50.931 50.931 39.812 39.812 31.064 31.064 65.947 65.947 48.703 48.703 45.793 45.793 20.616 20.616 45.011 45.011 46.239 46.239
80.062 36.249 71.253 23.854 10.77 41.037 33.601 13 21.541 7 60.033 44.147 59.641 29.967 1 15 50.931 0 0 27.074 27.074 54.745 54.745 15.264 15.264 23.707 23.707 76.792 76.792 32.45 32.45 89.554 89.554 21.541 21.541
80.062 36.249 71.253 23.854 10.77 41.037 33.601 13 21.541 7 60.033 44.147 59.641 29.967 1 15 50.931 0 0 27.074 27.074 54.745 54.745 15.264 15.264 23.707 23.707 76.792 76.792 32.45 32.45 89.554 89.554 21.541 21.541
90.338 18.028 75.961 26.077 24.352 32.016 22 30.887 41.34 28.46 68.447 48.104 51.478 15 26.077 20.591 39.812 27.074 27.074 0 0 58.822 58.822 36.688 36.688 44.418 44.418 79.624 79.624 20 20 84.481 84.481 41.34 41.34
90.338 18.028 75.961 26.077 24.352 32.016 22 30.887 41.34 28.46 68.447 48.104 51.478 15 26.077 20.591 39.812 27.074 27.074 0 0 58.822 58.822 36.688 36.688 44.418 44.418 79.624 79.624 20 20 84.481 84.481 41.34 41.34
33.302 45.793 17.263 34.234 64.195 30.61 38.471 41.976 38.013 47.854 12.53 11.045 25.495 44.777 54.589 66 31.064 54.745 54.745 58.822 58.822 0 0 69.123 69.123 38.588 38.588 22.091 22.091 40.249 40.249 38.897 38.897 38.013 38.013
33.302 45.793 17.263 34.234 64.195 30.61 38.471 41.976 38.013 47.854 12.53 11.045 25.495 44.777 54.589 66 31.064 54.745 54.745 58.822 58.822 0 0 69.123 69.123 38.588 38.588 22.091 22.091 40.249 40.249 38.897 38.897 38.013 38.013
92.136 49.649 85.159 39.115 12.369 56.08 48.104 27.203 33 21.541 73.246 58.822 74.887 43.6 15.811 17.029 65.947 15.264 15.264 36.688 36.688 69.123 69.123 0 0 34.132 34.132 91.005 91.005 46.755 46.755 104.695 104.695 33 33
92.136 49.649 85.159 39.115 12.369 56.08 48.104 27.203 33 21.541 73.246 58.822 74.887 43.6 15.811 17.029 65.947 15.264 15.264 36.688 36.688 69.123 69.123 0 0 34.132 34.132 91.005 91.005 46.755 46.755 104.695 104.695 33 33
58.034 44.407 52.811 24.021 34.438 40.025 38.013 13.601 3.162 17.804 40.025 30.414 53 38.833 24.187 38.588 48.703 23.707 23.707 44.418 44.418 38.588 38.588 34.132 34.132 0 0 59.237 59.237 38.118 38.118 77.006 77.006 3.162 3.162
58.034 44.407 52.811 24.021 34.438 40.025 38.013 13.601 3.162 17.804 40.025 30.414 53 38.833 24.187 38.588 48.703 23.707 23.707 44.418 44.418 38.588 38.588 34.132 34.132 0 0 59.237 59.237 38.118 38.118 77.006 77.006 3.162 3.162
24.187 64.846 7.071 56.036 86.284 49.041 58.241 63.953 59.135 69.871 20.616 33.015 35.468 65 76.655 88.023 45.793 76.792 76.792 79.624 79.624 22.091 22.091 91.005 91.005 59.237 59.237 0 0 60.166 60.166 25.71 25.71 59.135 59.135
24.187 64.846 7.071 56.036 86.284 49.041 58.241 63.953 59.135 69.871 20.616 33.015 35.468 65 76.655 88.023 45.793 76.792 76.792 79.624 79.624 22.091 22.091 91.005 91.005 59.237 59.237 0 0 60.166 60.166 25.71 25.71 59.135 59.135
72.945 6.708 57.009 14.142 36.235 12.042 2 27.459 35.057 29.155 51.039 30.232 31.78 5 31.623 34.986 20.616 32.45 32.45 20 20 40.249 40.249 46.755 46.755 38.118 38.118 60.166 60.166 0 0 64.63 64.63 35.057 35.057
72.945 6.708 57.009 14.142 36.235 12.042 2 27.459 35.057 29.155 51.039 30.232 31.78 5 31.623 34.986 20.616 32.45 32.45 20 20 40.249 40.249 46.755 46.755 38.118 38.118 60.166 60.166 0 0 64.63 64.63 35.057 35.057
49.092 67.067 31.953 66.129 97.406 52.612 62.65 77.827 76.026 83.193 43.909 46.872 33.061 69.584 89.157 97.801 45.011 89.554 89.554 84.481 84.481 38.897 38.897 104.695 104.695 77.006 77.006 25.71 25.71 64.63 64.63 0 0 76.026 76.026
49.092 67.067 31.953 66.129 97.406 52.612 62.65 77.827 76.026 83.193 43.909 46.872 33.061 69.584 89.157 97.801 45.011 89.554 89.554 84.481 84.481 38.897 38.897 104.695 104.695 77.006 77.006 25.71 25.71 64.63 64.63 0 0 76.026 76.026
59.211 41.304 52.887 21 32.311 37.363 35 10.63 0 15.264 40.448 29.206 51.039 35.693 21.932 36.235 46.239 21.541 21.541 41.34 41.34 38.013 38.013 33 33 3.162 3.162 59.135 59.135 35.057 35.057 76.026 76.026 0 0
59.211 41.304 52.887 21 32.311 37.363 35 10.63 0 15.264 40.448 29.206 51.039 35.693 21.932 36.235 46.239 21.541 21.541 41.34 41.34 38.013 38.013 33 33 3.162 3.162 59.135 59.135 35.057 35.057 76.026 76.026 0 0

# e_i and l_i: first and last entries denote the depot time-window.
e_i = 0 182 412 423 358 327 105 151 406 462 427 452 308 32 200 2 132 469 396 262 108 395 329 22 283 259 0
l_i = 1710.69 302 532 543 478 447 225 271 526 582 547 572 428 152 320 122 252 589 516 382 228 515 449 142 403 379 1710.69

# p_i^{k,s}: first and last entries for i denote the depot.
p_i^{k,s} =
i=0
k=1: 0 0 0 0 0 0
k=2: 0 0 0 0 0 0
k=3: 0 0 0 0 0 0
k=4: 0 0 0 0 0 0
k=5: 0 0 0 0 0 0
i=1
k=1: 0 0 17 0 0 0
k=2: 0 0 17 0 0 0
k=3: 0 0 17 0 0 0
k=4: 0 0 17 0 0 0
k=5: 0 0 17 0 0 0
i=2
k=1: 0 0 0 0 17 0
k=2: 0 0 0 0 17 0
k=3: 0 0 0 0 17 0
k=4: 0 0 0 0 17 0
k=5: 0 0 0 0 17 0
i=3
k=1: 0 0 0 17 0 0
k=2: 0 0 0 17 0 0
k=3: 0 0 0 17 0 0
k=4: 0 0 0 17 0 0
k=5: 0 0 0 17 0 0
i=4
k=1: 0 0 0 0 17 0
k=2: 0 0 0 0 17 0
k=3: 0 0 0 0 17 0
k=4: 0 0 0 0 17 0
k=5: 0 0 0 0 17 0
i=5
k=1: 0 0 0 17 0 0
k=2: 0 0 0 17 0 0
k=3: 0 0 0 17 0 0
k=4: 0 0 0 17 0 0
k=5: 0 0 0 17 0 0
i=6
k=1: 0 0 0 17 0 0
k=2: 0 0 0 17 0 0
k=3: 0 0 0 17 0 0
k=4: 0 0 0 17 0 0
k=5: 0 0 0 17 0 0
i=7
k=1: 0 17 0 0 0 0
k=2: 0 17 0 0 0 0
k=3: 0 17 0 0 0 0
k=4: 0 17 0 0 0 0
k=5: 0 17 0 0 0 0
i=8
k=1: 0 0 0 0 17 0
k=2: 0 0 0 0 17 0
k=3: 0 0 0 0 17 0
k=4: 0 0 0 0 17 0
k=5: 0 0 0 0 17 0
i=9
k=1: 17 0 0 0 0 0
k=2: 17 0 0 0 0 0
k=3: 17 0 0 0 0 0
k=4: 17 0 0 0 0 0
k=5: 17 0 0 0 0 0
i=10
k=1: 0 17 0 0 0 0
k=2: 0 17 0 0 0 0
k=3: 0 17 0 0 0 0
k=4: 0 17 0 0 0 0
k=5: 0 17 0 0 0 0
i=11
k=1: 0 0 17 0 0 0
k=2: 0 0 17 0 0 0
k=3: 0 0 17 0 0 0
k=4: 0 0 17 0 0 0
k=5: 0 0 17 0 0 0
i=12
k=1: 0 0 17 0 0 0
k=2: 0 0 17 0 0 0
k=3: 0 0 17 0 0 0
k=4: 0 0 17 0 0 0
k=5: 0 0 17 0 0 0
i=13
k=1: 0 0 17 0 0 0
k=2: 0 0 17 0 0 0
k=3: 0 0 17 0 0 0
k=4: 0 0 17 0 0 0
k=5: 0 0 17 0 0 0
i=14
k=1: 0 0 17 0 0 0
k=2: 0 0 17 0 0 0
k=3: 0 0 17 0 0 0
k=4: 0 0 17 0 0 0
k=5: 0 0 17 0 0 0
i=15
k=1: 0 0 17 0 0 0
k=2: 0 0 17 0 0 0
k=3: 0 0 17 0 0 0
k=4: 0 0 17 0 0 0
k=5: 0 0 17 0 0 0
i=16
k=1: 17 0 0 0 0 0
k=2: 17 0 0 0 0 0
k=3: 17 0 0 0 0 0
k=4: 17 0 0 0 0 0
k=5: 17 0 0 0 0 0
i=17
k=1: 0 17 0 0 0 0
k=2: 0 17 0 0 0 0
k=3: 0 17 0 0 0 0
k=4: 0 17 0 0 0 0
k=5: 0 17 0 0 0 0
i=18
k=1: 0 0 0 17 17 0
k=2: 0 0 0 17 17 0
k=3: 0 0 0 17 17 0
k=4: 0 0 0 17 17 0
k=5: 0 0 0 17 17 0
i=19
k=1: 0 0 0 17 0 17
k=2: 0 0 0 17 0 17
k=3: 0 0 0 17 0 17
k=4: 0 0 0 17 0 17
k=5: 0 0 0 17 0 17
i=20
k=1: 0 0 0 0 17 17
k=2: 0 0 0 0 17 17
k=3: 0 0 0 0 17 17
k=4: 0 0 0 0 17 17
k=5: 0 0 0 0 17 17
i=21
k=1: 0 0 0 17 0 17
k=2: 0 0 0 17 0 17
k=3: 0 0 0 17 0 17
k=4: 0 0 0 17 0 17
k=5: 0 0 0 17 0 17
i=22
k=1: 0 0 17 0 17 0
k=2: 0 0 17 0 17 0
k=3: 0 0 17 0 17 0
k=4: 0 0 17 0 17 0
k=5: 0 0 17 0 17 0
i=23
k=1: 17 0 0 17 0 0
k=2: 17 0 0 17 0 0
k=3: 17 0 0 17 0 0
k=4: 17 0 0 17 0 0
k=5: 17 0 0 17 0 0
i=24
k=1: 0 0 17 17 0 0
k=2: 0 0 17 17 0 0
k=3: 0 0 17 17 0 0
k=4: 0 0 17 17 0 0
k=5: 0 0 17 17 0 0
i=25
k=1: 0 17 0 0 17 0
k=2: 0 17 0 0 17 0
k=3: 0 17 0 0 17 0
k=4: 0 17 0 0 17 0
k=5: 0 17 0 0 17 0
i=26
k=1: 0 0 0 0 0 0
k=2: 0 0 0 0 0 0
k=3: 0 0 0 0 0 0
k=4: 0 0 0 0 0 0
k=5: 0 0 0 0 0 0

a_k^s =
1 1 1 0 0 0
1 1 0 0 0 0
0 0 0 1 0 1
0 0 0 0 1 1
0 0 0 1 1 1

# delta_min_i/delta_max_i are only listed for i in D.
delta_min_i =
18: 0
19: 0
20: 0
21: 0
22: 51
23: 21
24: 37
25: 21
delta_max_i =
18: 0
19: 0
20: 0
21: 0
22: 102
23: 42
24: 74
25: 42

