# Instance
name = 5_25_33_8_5

# Sets and Indices
K = 1..5
P = 1..25
T = 1..33
D = {18,19,20,21,22,23,24,25}

# Tasks: t -> (i,s) with i in P and s in services
tasks =
1: 1 2
2: 2 5
3: 3 5
4: 4 2
5: 5 6
6: 6 4
7: 7 6
8: 8 1
9: 9 2
10: 10 2
11: 11 3
12: 12 5
13: 13 5
14: 14 5
15: 15 6
16: 16 3
17: 17 6
18: 18 4
19: 18 5
20: 19 5
21: 19 6
22: 20 5
23: 20 6
24: 21 4
25: 21 6
26: 22 2
27: 22 4
28: 23 1
29: 23 4
30: 24 2
31: 24 6
32: 25 3
33: 25 6

# Parameters
d_uv =
0 22.825 26.571 36.401 2.828 28.425 47.381 39.56 9 46.615 48.877 47.043 16.125 49.659 22.561 26.173 4.472 45.706 45.706 38.079 38.079 10.77 10.77 42.942 42.942 52.154 52.154 42.72 42.72 44.385 44.385 55.57 55.57 45.618 45.618
22.825 0 32.202 54.918 25.554 50.329 44.407 48.374 28.284 32.062 69.527 62.032 28.16 34.015 36.249 39.623 18.358 62.61 62.61 58.796 58.796 12.207 12.207 63.253 63.253 73 73 49.739 49.739 54.745 54.745 76.059 76.059 30 30
26.571 32.202 0 60.008 27.893 47.854 22.204 66.129 35.171 32.45 68.884 72.339 11.045 36.056 49.041 12.207 26.42 70.007 70.007 58.856 58.856 28.32 28.32 63.953 63.953 71.568 71.568 17.804 17.804 70.88 70.88 75.432 75.432 33.121 33.121
36.401 54.918 60.008 0 33.956 15.264 82.098 24.083 27.857 82.873 16.553 14.422 49.041 85.796 19.849 53.759 39.56 10.198 10.198 9.22 9.22 43.829 43.829 10.44 10.44 20.125 20.125 72.18 72.18 22.472 22.472 22.204 22.204 81.707 81.707
2.828 25.554 27.893 33.956 0 25.612 49.163 38.484 7.28 49.244 46.141 45 17.088 52.326 21.19 26.249 7.211 43.417 43.417 35.355 35.355 13.416 13.416 40.249 40.249 49.396 49.396 43.417 43.417 43.012 43.012 52.839 52.839 48.301 48.301
28.425 50.329 47.854 15.264 25.612 0 70.036 35.341 22.204 74.303 21.19 29.682 37.363 77.524 23 40.012 32.558 25.08 25.08 11.045 11.045 38.21 38.21 16.125 16.125 24.166 24.166 58.215 58.215 35.805 35.805 27.857 27.857 73.573 73.573
47.381 44.407 22.204 82.098 49.163 70.036 0 86.348 56.321 24.331 91.005 94.085 33.061 27.074 69.871 31.78 46.098 92.022 92.022 81.049 81.049 45.88 45.88 86.145 86.145 93.622 93.622 20.248 20.248 91.591 91.591 97.514 97.514 26.683 26.683
39.56 48.374 66.129 24.083 38.484 35.341 86.348 0 31.305 80.1 39.319 18.868 55.543 82.298 17.493 64.14 40.262 23.409 23.409 33.242 33.242 41.195 41.195 34.015 34.015 42.579 42.579 81.841 81.841 6.708 6.708 43.417 43.417 78.23 78.23
9 28.284 35.171 27.857 7.28 22.204 56.321 31.305 0 55.027 41.4 38.053 24.352 57.94 13.928 33.015 11.705 36.878 36.878 30.61 30.61 16.401 16.401 35.228 35.228 44.822 44.822 50.537 50.537 35.735 35.735 48.01 48.01 53.852 53.852
46.615 32.062 32.45 82.873 49.244 74.303 24.331 80.1 55.027 0 95.258 92.195 38.949 3.606 66.287 44.654 43.324 91.761 91.761 84.528 84.528 39.812 39.812 89.471 89.471 98.412 98.412 41.593 41.593 86.284 86.284 101.966 101.966 2.828 2.828
48.877 69.527 68.884 16.553 46.141 21.19 91.005 39.319 41.4 95.258 0 23.537 58.524 98.412 36.056 60.299 52.697 17.263 17.263 10.817 10.817 57.801 57.801 6.403 6.403 3.606 3.606 78.026 78.026 36.014 36.014 6.708 6.708 94.414 94.414
47.043 62.032 72.339 14.422 45 29.682 94.085 18.868 38.053 92.195 23.537 0 61.294 94.831 25.962 67.186 49.366 6.325 6.325 22.023 22.023 52.393 52.393 20.125 20.125 26.173 26.173 85.615 85.615 13.601 13.601 26.019 26.019 90.708 90.708
16.125 28.16 11.045 49.041 17.088 37.363 33.061 55.543 24.352 38.949 58.524 61.294 0 42.45 38.275 11.705 16.971 59 59 48.27 48.27 20.591 20.591 53.367 53.367 61.351 61.351 26.627 26.627 60.083 60.083 65.146 65.146 38.897 38.897
49.659 34.015 36.056 85.796 52.326 77.524 27.074 82.298 57.94 3.606 98.412 94.831 42.45 0 68.884 48.26 46.239 94.557 94.557 87.658 87.658 42.45 42.45 92.574 92.574 101.597 101.597 44.911 44.911 88.566 88.566 105.119 105.119 4.123 4.123
22.561 36.249 49.041 19.849 21.19 23 69.871 17.493 13.928 66.287 36.056 25.962 38.275 68.884 0 46.648 24.021 26.42 26.42 26.401 26.401 26.476 26.476 29.682 29.682 39.661 39.661 64.405 64.405 21.84 21.84 42.012 42.012 64.761 64.761
26.173 39.623 12.207 53.759 26.249 40.012 31.78 64.14 33.015 44.654 60.299 67.186 11.705 48.26 46.648 0 28.018 63.953 63.953 51 51 32.202 32.202 56.009 56.009 62.65 62.65 18.439 18.439 67.978 67.978 66.611 66.611 45.277 45.277
4.472 18.358 26.42 39.56 7.211 32.558 46.098 40.262 11.705 43.324 52.697 49.366 16.971 46.239 24.021 28.018 0 48.508 48.508 41.881 41.881 6.325 6.325 46.648 46.648 56.036 56.036 43.417 43.417 45.541 45.541 59.363 59.363 42.154 42.154
45.706 62.61 70.007 10.198 43.417 25.08 92.022 23.409 36.878 91.761 17.263 6.325 59 94.557 26.42 63.953 48.508 0 0 16.279 16.279 52.202 52.202 13.892 13.892 20.025 20.025 82.377 82.377 19.105 19.105 20.224 20.224 90.443 90.443
45.706 62.61 70.007 10.198 43.417 25.08 92.022 23.409 36.878 91.761 17.263 6.325 59 94.557 26.42 63.953 48.508 0 0 16.279 16.279 52.202 52.202 13.892 13.892 20.025 20.025 82.377 82.377 19.105 19.105 20.224 20.224 90.443 90.443
38.079 58.796 58.856 9.22 35.355 11.045 81.049 33.242 30.61 84.528 10.817 22.023 48.27 87.658 26.401 51 41.881 16.279 16.279 0 0 47.011 47.011 5.099 5.099 14.213 14.213 69.116 69.116 31.623 31.623 17.493 17.493 83.648 83.648
38.079 58.796 58.856 9.22 35.355 11.045 81.049 33.242 30.61 84.528 10.817 22.023 48.27 87.658 26.401 51 41.881 16.279 16.279 0 0 47.011 47.011 5.099 5.099 14.213 14.213 69.116 69.116 31.623 31.623 17.493 17.493 83.648 83.648
10.77 12.207 28.32 43.829 13.416 38.21 45.88 41.195 16.401 39.812 57.801 52.393 20.591 42.45 26.476 32.202 6.325 52.202 52.202 47.011 47.011 0 0 51.614 51.614 61.221 61.221 45.967 45.967 47.011 47.011 64.405 64.405 38.328 38.328
10.77 12.207 28.32 43.829 13.416 38.21 45.88 41.195 16.401 39.812 57.801 52.393 20.591 42.45 26.476 32.202 6.325 52.202 52.202 47.011 47.011 0 0 51.614 51.614 61.221 61.221 45.967 45.967 47.011 47.011 64.405 64.405 38.328 38.328
42.942 63.253 63.953 10.44 40.249 16.125 86.145 34.015 35.228 89.471 6.403 20.125 53.367 92.574 29.682 56.009 46.648 13.892 13.892 5.099 5.099 51.614 51.614 0 0 10 10 74.061 74.061 31.401 31.401 12.806 12.806 88.549 88.549
42.942 63.253 63.953 10.44 40.249 16.125 86.145 34.015 35.228 89.471 6.403 20.125 53.367 92.574 29.682 56.009 46.648 13.892 13.892 5.099 5.099 51.614 51.614 0 0 10 10 74.061 74.061 31.401 31.401 12.806 12.806 88.549 88.549
52.154 73 71.568 20.125 49.396 24.166 93.622 42.579 44.822 98.412 3.606 26.173 61.351 101.597 39.661 62.65 56.036 20.025 20.025 14.213 14.213 61.221 61.221 10 10 0 0 80.156 80.156 39.013 39.013 4 4 97.617 97.617
52.154 73 71.568 20.125 49.396 24.166 93.622 42.579 44.822 98.412 3.606 26.173 61.351 101.597 39.661 62.65 56.036 20.025 20.025 14.213 14.213 61.221 61.221 10 10 0 0 80.156 80.156 39.013 39.013 4 4 97.617 97.617
42.72 49.739 17.804 72.18 43.417 58.215 20.248 81.841 50.537 41.593 78.026 85.615 26.627 44.911 64.405 18.439 43.417 82.377 82.377 69.116 69.116 45.967 45.967 74.061 74.061 80.156 80.156 0 0 86.006 86.006 84.149 84.149 43.29 43.29
42.72 49.739 17.804 72.18 43.417 58.215 20.248 81.841 50.537 41.593 78.026 85.615 26.627 44.911 64.405 18.439 43.417 82.377 82.377 69.116 69.116 45.967 45.967 74.061 74.061 80.156 80.156 0 0 86.006 86.006 84.149 84.149 43.29 43.29
44.385 54.745 70.88 22.472 43.012 35.805 91.591 6.708 35.735 86.284 36.014 13.601 60.083 88.566 21.84 67.978 45.541 19.105 19.105 31.623 31.623 47.011 47.011 31.401 31.401 39.013 39.013 86.006 86.006 0 0 39.319 39.319 84.481 84.481
44.385 54.745 70.88 22.472 43.012 35.805 91.591 6.708 35.735 86.284 36.014 13.601 60.083 88.566 21.84 67.978 45.541 19.105 19.105 31.623 31.623 47.011 47.011 31.401 31.401 39.013 39.013 86.006 86.006 0 0 39.319 39.319 84.481 84.481
55.57 76.059 75.432 22.204 52.839 27.857 97.514 43.417 48.01 101.966 6.708 26.019 65.146 105.119 42.012 66.611 59.363 20.224 20.224 17.493 17.493 64.405 64.405 12.806 12.806 4 4 84.149 84.149 39.319 39.319 0 0 101.119 101.119
55.57 76.059 75.432 22.204 52.839 27.857 97.514 43.417 48.01 101.966 6.708 26.019 65.146 105.119 42.012 66.611 59.363 20.224 20.224 17.493 17.493 64.405 64.405 12.806 12.806 4 4 84.149 84.149 39.319 39.319 0 0 101.119 101.119
45.618 30 33.121 81.707 48.301 73.573 26.683 78.23 53.852 2.828 94.414 90.708 38.897 4.123 64.761 45.277 42.154 90.443 90.443 83.648 83.648 38.328 38.328 88.549 88.549 97.617 97.617 43.29 43.29 84.481 84.481 101.119 101.119 0 0
45.618 30 33.121 81.707 48.301 73.573 26.683 78.23 53.852 2.828 94.414 90.708 38.897 4.123 64.761 45.277 42.154 90.443 90.443 83.648 83.648 38.328 38.328 88.549 88.549 97.617 97.617 43.29 43.29 84.481 84.481 101.119 101.119 0 0

# e_i and l_i: first and last entries denote the depot time-window.
e_i = 0 229 76 268 55 119 177 233 216 73 253 86 166 346 418 335 98 251 368 239 324 391 46 146 412 161 0
l_i = 1660.12 349 196 388 175 239 297 353 336 193 373 206 286 466 538 455 218 371 488 359 444 511 166 266 532 281 1660.12

# p_i^{k,s}: first and last entries for i denote the depot.
p_i^{k,s} =
i=0
k=1: 0 0 0 0 0 0
k=2: 0 0 0 0 0 0
k=3: 0 0 0 0 0 0
k=4: 0 0 0 0 0 0
k=5: 0 0 0 0 0 0
i=1
k=1: 0 17 0 0 0 0
k=2: 0 17 0 0 0 0
k=3: 0 17 0 0 0 0
k=4: 0 17 0 0 0 0
k=5: 0 17 0 0 0 0
i=2
k=1: 0 0 0 0 17 0
k=2: 0 0 0 0 17 0
k=3: 0 0 0 0 17 0
k=4: 0 0 0 0 17 0
k=5: 0 0 0 0 17 0
i=3
k=1: 0 0 0 0 17 0
k=2: 0 0 0 0 17 0
k=3: 0 0 0 0 17 0
k=4: 0 0 0 0 17 0
k=5: 0 0 0 0 17 0
i=4
k=1: 0 17 0 0 0 0
k=2: 0 17 0 0 0 0
k=3: 0 17 0 0 0 0
k=4: 0 17 0 0 0 0
k=5: 0 17 0 0 0 0
i=5
k=1: 0 0 0 0 0 17
k=2: 0 0 0 0 0 17
k=3: 0 0 0 0 0 17
k=4: 0 0 0 0 0 17
k=5: 0 0 0 0 0 17
i=6
k=1: 0 0 0 17 0 0
k=2: 0 0 0 17 0 0
k=3: 0 0 0 17 0 0
k=4: 0 0 0 17 0 0
k=5: 0 0 0 17 0 0
i=7
k=1: 0 0 0 0 0 17
k=2: 0 0 0 0 0 17
k=3: 0 0 0 0 0 17
k=4: 0 0 0 0 0 17
k=5: 0 0 0 0 0 17
i=8
k=1: 17 0 0 0 0 0
k=2: 17 0 0 0 0 0
k=3: 17 0 0 0 0 0
k=4: 17 0 0 0 0 0
k=5: 17 0 0 0 0 0
i=9
k=1: 0 17 0 0 0 0
k=2: 0 17 0 0 0 0
k=3: 0 17 0 0 0 0
k=4: 0 17 0 0 0 0
k=5: 0 17 0 0 0 0
i=10
k=1: 0 17 0 0 0 0
k=2: 0 17 0 0 0 0
k=3: 0 17 0 0 0 0
k=4: 0 17 0 0 0 0
k=5: 0 17 0 0 0 0
i=11
k=1: 0 0 17 0 0 0
k=2: 0 0 17 0 0 0
k=3: 0 0 17 0 0 0
k=4: 0 0 17 0 0 0
k=5: 0 0 17 0 0 0
i=12
k=1: 0 0 0 0 17 0
k=2: 0 0 0 0 17 0
k=3: 0 0 0 0 17 0
k=4: 0 0 0 0 17 0
k=5: 0 0 0 0 17 0
i=13
k=1: 0 0 0 0 17 0
k=2: 0 0 0 0 17 0
k=3: 0 0 0 0 17 0
k=4: 0 0 0 0 17 0
k=5: 0 0 0 0 17 0
i=14
k=1: 0 0 0 0 17 0
k=2: 0 0 0 0 17 0
k=3: 0 0 0 0 17 0
k=4: 0 0 0 0 17 0
k=5: 0 0 0 0 17 0
i=15
k=1: 0 0 0 0 0 17
k=2: 0 0 0 0 0 17
k=3: 0 0 0 0 0 17
k=4: 0 0 0 0 0 17
k=5: 0 0 0 0 0 17
i=16
k=1: 0 0 17 0 0 0
k=2: 0 0 17 0 0 0
k=3: 0 0 17 0 0 0
k=4: 0 0 17 0 0 0
k=5: 0 0 17 0 0 0
i=17
k=1: 0 0 0 0 0 17
k=2: 0 0 0 0 0 17
k=3: 0 0 0 0 0 17
k=4: 0 0 0 0 0 17
k=5: 0 0 0 0 0 17
i=18
k=1: 0 0 0 17 17 0
k=2: 0 0 0 17 17 0
k=3: 0 0 0 17 17 0
k=4: 0 0 0 17 17 0
k=5: 0 0 0 17 17 0
i=19
k=1: 0 0 0 0 17 17
k=2: 0 0 0 0 17 17
k=3: 0 0 0 0 17 17
k=4: 0 0 0 0 17 17
k=5: 0 0 0 0 17 17
i=20
k=1: 0 0 0 0 17 17
k=2: 0 0 0 0 17 17
k=3: 0 0 0 0 17 17
k=4: 0 0 0 0 17 17
k=5: 0 0 0 0 17 17
i=21
k=1: 0 0 0 17 0 17
k=2: 0 0 0 17 0 17
k=3: 0 0 0 17 0 17
k=4: 0 0 0 17 0 17
k=5: 0 0 0 17 0 17
i=22
k=1: 0 17 0 17 0 0
k=2: 0 17 0 17 0 0
k=3: 0 17 0 17 0 0
k=4: 0 17 0 17 0 0
k=5: 0 17 0 17 0 0
i=23
k=1: 17 0 0 17 0 0
k=2: 17 0 0 17 0 0
k=3: 17 0 0 17 0 0
k=4: 17 0 0 17 0 0
k=5: 17 0 0 17 0 0
i=24
k=1: 0 17 0 0 0 17
k=2: 0 17 0 0 0 17
k=3: 0 17 0 0 0 17
k=4: 0 17 0 0 0 17
k=5: 0 17 0 0 0 17
i=25
k=1: 0 0 17 0 0 17
k=2: 0 0 17 0 0 17
k=3: 0 0 17 0 0 17
k=4: 0 0 17 0 0 17
k=5: 0 0 17 0 0 17
i=26
k=1: 0 0 0 0 0 0
k=2: 0 0 0 0 0 0
k=3: 0 0 0 0 0 0
k=4: 0 0 0 0 0 0
k=5: 0 0 0 0 0 0

a_k^s =
1 1 1 0 0 0
0 1 1 0 0 0
0 0 0 1 1 1
0 0 0 1 1 1
0 0 0 1 1 1

# delta_min_i/delta_max_i are only listed for i in D.
delta_min_i =
18: 0
19: 0
20: 0
21: 0
22: 23
23: 33
24: 17
25: 60
delta_max_i =
18: 0
19: 0
20: 0
21: 0
22: 46
23: 66
24: 34
25: 120

