# Instance
name = 5_25_33_8_4

# Sets and Indices
K = 1..5
P = 1..25
T = 1..33
D = {18,19,20,21,22,23,24,25}

# Tasks: t -> (i,s) with i in P and s in services
tasks =
1: 1 5
2: 2 5
3: 3 5
4: 4 2
5: 5 1
6: 6 3
7: 7 4
8: 8 6
9: 9 6
10: 10 1
11: 11 1
12: 12 3
13: 13 3
14: 14 6
15: 15 5
16: 16 1
17: 17 1
18: 18 4
19: 18 5
20: 19 5
21: 19 6
22: 20 5
23: 20 6
24: 21 4
25: 21 5
26: 22 1
27: 22 4
28: 23 3
29: 23 6
30: 24 2
31: 24 5
32: 25 3
33: 25 5

# Parameters
d_uv =
0 45.31 11.045 29.206 33.941 53.6 6.325 29.411 56.648 31.305 42.048 55.009 29.155 69.721 40.719 28.32 59.666 11.402 11.402 54.12 54.12 67.186 67.186 58.31 58.31 18.974 18.974 63.906 63.906 24.698 24.698 37.202 37.202 34.234 34.234
45.31 0 49.649 19.026 19.313 31.623 45.354 70.456 11.402 14.318 4.123 10.63 57.559 38.184 34.366 41.677 16.279 40.804 40.804 10 10 33.302 33.302 28.018 28.018 48.01 48.01 42.953 42.953 55.145 55.145 81.884 81.884 22.472 22.472
11.045 49.649 0 36.401 41.881 51.039 17.263 35.228 60.539 36.797 47.011 60 39.395 68.007 36.497 21.541 62.241 8.944 8.944 59.203 59.203 66.272 66.272 57.219 57.219 29.833 29.833 60.017 60.017 34.928 34.928 32.894 32.894 33.734 33.734
29.206 19.026 36.401 0 6.083 42.45 27.731 51.788 30.067 6.403 15 26.926 38.639 53.852 37.696 37.054 35.228 28.653 28.653 25.962 25.962 49.649 49.649 42.438 42.438 29 29 54.489 54.489 36.125 36.125 66.4 66.4 24.597 24.597
33.941 19.313 41.881 6.083 0 46.4 31.623 54.12 29.275 10.77 15.232 25.02 39.013 56.4 43.012 43.105 35.44 34.438 34.438 24.021 24.021 51.865 51.865 45.343 45.343 30.594 30.594 58.412 58.412 37.121 37.121 70.937 70.937 29.732 29.732
53.6 31.623 51.039 42.45 46.4 0 57.245 82.97 33.015 36.125 34.015 38.118 77.026 17.263 15.524 31.575 27.659 43.417 43.417 38.21 38.21 17 17 9.22 9.22 65.765 65.765 12.042 12.042 73.355 73.355 82.492 82.492 20.125 20.125
6.325 45.354 17.263 27.731 31.623 57.245 0 26.173 56.754 31.048 41.761 54.424 23.022 72.78 45.277 33.971 60.531 17.029 17.029 53.488 53.488 69.871 69.871 61.188 61.188 12.649 12.649 68.029 68.029 18.601 18.601 39.598 39.598 37.363 37.363
29.411 70.456 35.228 51.788 54.12 82.97 26.173 0 81.744 56.223 66.611 78.645 20.616 98.843 70.007 56.436 86.145 40.311 40.311 77.666 77.666 96.026 96.026 87.298 87.298 23.77 23.77 93.301 93.301 19.209 19.209 31.064 31.064 63.348 63.348
56.648 11.402 60.539 30.067 29.275 33.015 56.754 81.744 0 25.71 15.133 6.403 68.184 34 40.311 50.448 7.81 51.624 51.624 7.071 7.071 28.653 28.653 26.476 26.476 59.034 59.034 42.579 42.579 66.008 66.008 93.022 93.022 30.61 30.61
31.305 14.318 36.797 6.403 10.77 36.125 31.048 56.223 25.71 0 10.77 23.707 44.385 47.508 32.28 33.734 30 28.32 28.32 22.825 22.825 43.382 43.382 36.056 36.056 34.234 34.234 48.166 48.166 41.593 41.593 68.264 68.264 18.974 18.974
42.048 4.123 47.011 15 15.232 34.015 41.761 66.611 15.133 10.77 0 13.038 53.46 41.773 35.014 40.719 20.396 38.288 38.288 12.207 12.207 37.014 37.014 31.241 31.241 44 44 45.651 45.651 51.088 51.088 78.892 78.892 22.361 22.361
55.009 10.63 60 26.926 25.02 38.118 54.424 78.645 6.403 23.707 13.038 0 64 40.311 43.681 52.154 14.213 51.225 51.225 1 1 34.986 34.986 32.28 32.28 55.444 55.444 48.27 48.27 62.129 62.129 91.924 91.924 32.65 32.65
29.155 57.559 39.395 38.639 39.013 77.026 23.022 20.616 68.184 44.385 53.46 64 0 91 66.843 56.851 73.824 40 40 63 63 87.316 87.316 79.31 79.31 11.402 11.402 88.51 88.51 4.472 4.472 49.336 49.336 56.939 56.939
69.721 38.184 68.007 53.852 56.4 17.263 72.78 98.843 34 47.508 41.773 40.311 91 0 32.757 48.836 26.401 60.075 60.075 40.817 40.817 5.385 5.385 11.705 11.705 80.056 80.056 15 15 87.664 87.664 99.725 99.725 35.511 35.511
40.719 34.366 36.497 37.696 43.012 15.524 45.277 70.007 40.311 32.28 35.014 43.681 66.843 32.757 0 16.125 37.443 29.732 29.732 43.417 43.417 32.311 32.311 23.707 23.707 55.444 55.444 23.537 23.537 62.801 62.801 67.186 67.186 13.342 13.342
28.32 41.677 21.541 37.054 43.105 31.575 33.971 56.436 50.448 33.734 40.719 52.154 56.851 48.836 16.125 0 49.578 16.971 16.971 51.624 51.624 48.083 48.083 39.217 39.217 45.804 45.804 39.115 39.115 52.498 52.498 51.088 51.088 19.849 19.849
59.666 16.279 62.241 35.228 35.44 27.659 60.531 86.145 7.81 30 20.396 14.213 73.824 26.401 37.443 49.578 0 53.31 53.31 14.866 14.866 21.024 21.024 20 20 64.125 64.125 36.056 36.056 71.344 71.344 95.079 95.079 30 30
11.402 40.804 8.944 28.653 34.438 43.417 17.029 40.311 51.624 28.32 38.288 51.225 40 60.075 29.732 16.971 53.31 0 0 50.448 50.448 58.034 58.034 49.01 49.01 29.155 29.155 53.16 53.16 35.609 35.609 41.785 41.785 25.179 25.179
11.402 40.804 8.944 28.653 34.438 43.417 17.029 40.311 51.624 28.32 38.288 51.225 40 60.075 29.732 16.971 53.31 0 0 50.448 50.448 58.034 58.034 49.01 49.01 29.155 29.155 53.16 53.16 35.609 35.609 41.785 41.785 25.179 25.179
54.12 10 59.203 25.962 24.021 38.21 53.488 77.666 7.071 22.825 12.207 1 63 40.817 43.417 51.624 14.866 50.448 50.448 0 0 35.511 35.511 32.573 32.573 54.452 54.452 48.508 48.508 61.131 61.131 91.066 91.066 32.202 32.202
54.12 10 59.203 25.962 24.021 38.21 53.488 77.666 7.071 22.825 12.207 1 63 40.817 43.417 51.624 14.866 50.448 50.448 0 0 35.511 35.511 32.573 32.573 54.452 54.452 48.508 48.508 61.131 61.131 91.066 91.066 32.202 32.202
67.186 33.302 66.272 49.649 51.865 17 69.871 96.026 28.653 43.382 37.014 34.986 87.316 5.385 32.311 48.083 21.024 58.034 58.034 35.511 35.511 0 0 9.055 9.055 76.538 76.538 18.385 18.385 84.119 84.119 98.478 98.478 33.015 33.015
67.186 33.302 66.272 49.649 51.865 17 69.871 96.026 28.653 43.382 37.014 34.986 87.316 5.385 32.311 48.083 21.024 58.034 58.034 35.511 35.511 0 0 9.055 9.055 76.538 76.538 18.385 18.385 84.119 84.119 98.478 98.478 33.015 33.015
58.31 28.018 57.219 42.438 45.343 9.22 61.188 87.298 26.476 36.056 31.241 32.28 79.31 11.705 23.707 39.217 20 49.01 49.01 32.573 32.573 9.055 9.055 0 0 68.352 68.352 16.125 16.125 75.961 75.961 89.443 89.443 24.083 24.083
58.31 28.018 57.219 42.438 45.343 9.22 61.188 87.298 26.476 36.056 31.241 32.28 79.31 11.705 23.707 39.217 20 49.01 49.01 32.573 32.573 9.055 9.055 0 0 68.352 68.352 16.125 16.125 75.961 75.961 89.443 89.443 24.083 24.083
18.974 48.01 29.833 29 30.594 65.765 12.649 23.77 59.034 34.234 44 55.444 11.402 80.056 55.444 45.804 64.125 29.155 29.155 54.452 54.452 76.538 76.538 68.352 68.352 0 0 77.175 77.175 7.616 7.616 46.648 46.648 45.651 45.651
18.974 48.01 29.833 29 30.594 65.765 12.649 23.77 59.034 34.234 44 55.444 11.402 80.056 55.444 45.804 64.125 29.155 29.155 54.452 54.452 76.538 76.538 68.352 68.352 0 0 77.175 77.175 7.616 7.616 46.648 46.648 45.651 45.651
63.906 42.953 60.017 54.489 58.412 12.042 68.029 93.301 42.579 48.166 45.651 48.27 88.51 15 23.537 39.115 36.056 53.16 53.16 48.508 48.508 18.385 18.385 16.125 16.125 77.175 77.175 0 0 84.723 84.723 90 90 31.623 31.623
63.906 42.953 60.017 54.489 58.412 12.042 68.029 93.301 42.579 48.166 45.651 48.27 88.51 15 23.537 39.115 36.056 53.16 53.16 48.508 48.508 18.385 18.385 16.125 16.125 77.175 77.175 0 0 84.723 84.723 90 90 31.623 31.623
24.698 55.145 34.928 36.125 37.121 73.355 18.601 19.209 66.008 41.593 51.088 62.129 4.472 87.664 62.801 52.498 71.344 35.609 35.609 61.131 61.131 84.119 84.119 75.961 75.961 7.616 7.616 84.723 84.723 0 0 46.239 46.239 53.235 53.235
24.698 55.145 34.928 36.125 37.121 73.355 18.601 19.209 66.008 41.593 51.088 62.129 4.472 87.664 62.801 52.498 71.344 35.609 35.609 61.131 61.131 84.119 84.119 75.961 75.961 7.616 7.616 84.723 84.723 0 0 46.239 46.239 53.235 53.235
37.202 81.884 32.894 66.4 70.937 82.492 39.598 31.064 93.022 68.264 78.892 91.924 49.336 99.725 67.186 51.088 95.079 41.785 41.785 91.066 91.066 98.478 98.478 89.443 89.443 46.648 46.648 90 90 46.239 46.239 0 0 66.483 66.483
37.202 81.884 32.894 66.4 70.937 82.492 39.598 31.064 93.022 68.264 78.892 91.924 49.336 99.725 67.186 51.088 95.079 41.785 41.785 91.066 91.066 98.478 98.478 89.443 89.443 46.648 46.648 90 90 46.239 46.239 0 0 66.483 66.483
34.234 22.472 33.734 24.597 29.732 20.125 37.363 63.348 30.61 18.974 22.361 32.65 56.939 35.511 13.342 19.849 30 25.179 25.179 32.202 32.202 33.015 33.015 24.083 24.083 45.651 45.651 31.623 31.623 53.235 53.235 66.483 66.483 0 0
34.234 22.472 33.734 24.597 29.732 20.125 37.363 63.348 30.61 18.974 22.361 32.65 56.939 35.511 13.342 19.849 30 25.179 25.179 32.202 32.202 33.015 33.015 24.083 24.083 45.651 45.651 31.623 31.623 53.235 53.235 66.483 66.483 0 0

# e_i and l_i: first and last entries denote the depot time-window.
e_i = 0 124 316 370 301 372 278 51 11 413 0 114 290 302 137 268 348 102 469 243 255 78 121 128 220 59 0
l_i = 1701.72 244 436 490 421 492 398 171 131 533 120 234 410 422 257 388 468 222 589 363 375 198 241 248 340 179 1701.72

# p_i^{k,s}: first and last entries for i denote the depot.
p_i^{k,s} =
i=0
k=1: 0 0 0 0 0 0
k=2: 0 0 0 0 0 0
k=3: 0 0 0 0 0 0
k=4: 0 0 0 0 0 0
k=5: 0 0 0 0 0 0
i=1
k=1: 0 0 0 0 13 0
k=2: 0 0 0 0 13 0
k=3: 0 0 0 0 13 0
k=4: 0 0 0 0 13 0
k=5: 0 0 0 0 13 0
i=2
k=1: 0 0 0 0 13 0
k=2: 0 0 0 0 13 0
k=3: 0 0 0 0 13 0
k=4: 0 0 0 0 13 0
k=5: 0 0 0 0 13 0
i=3
k=1: 0 0 0 0 13 0
k=2: 0 0 0 0 13 0
k=3: 0 0 0 0 13 0
k=4: 0 0 0 0 13 0
k=5: 0 0 0 0 13 0
i=4
k=1: 0 13 0 0 0 0
k=2: 0 13 0 0 0 0
k=3: 0 13 0 0 0 0
k=4: 0 13 0 0 0 0
k=5: 0 13 0 0 0 0
i=5
k=1: 13 0 0 0 0 0
k=2: 13 0 0 0 0 0
k=3: 13 0 0 0 0 0
k=4: 13 0 0 0 0 0
k=5: 13 0 0 0 0 0
i=6
k=1: 0 0 13 0 0 0
k=2: 0 0 13 0 0 0
k=3: 0 0 13 0 0 0
k=4: 0 0 13 0 0 0
k=5: 0 0 13 0 0 0
i=7
k=1: 0 0 0 13 0 0
k=2: 0 0 0 13 0 0
k=3: 0 0 0 13 0 0
k=4: 0 0 0 13 0 0
k=5: 0 0 0 13 0 0
i=8
k=1: 0 0 0 0 0 13
k=2: 0 0 0 0 0 13
k=3: 0 0 0 0 0 13
k=4: 0 0 0 0 0 13
k=5: 0 0 0 0 0 13
i=9
k=1: 0 0 0 0 0 13
k=2: 0 0 0 0 0 13
k=3: 0 0 0 0 0 13
k=4: 0 0 0 0 0 13
k=5: 0 0 0 0 0 13
i=10
k=1: 13 0 0 0 0 0
k=2: 13 0 0 0 0 0
k=3: 13 0 0 0 0 0
k=4: 13 0 0 0 0 0
k=5: 13 0 0 0 0 0
i=11
k=1: 13 0 0 0 0 0
k=2: 13 0 0 0 0 0
k=3: 13 0 0 0 0 0
k=4: 13 0 0 0 0 0
k=5: 13 0 0 0 0 0
i=12
k=1: 0 0 13 0 0 0
k=2: 0 0 13 0 0 0
k=3: 0 0 13 0 0 0
k=4: 0 0 13 0 0 0
k=5: 0 0 13 0 0 0
i=13
k=1: 0 0 13 0 0 0
k=2: 0 0 13 0 0 0
k=3: 0 0 13 0 0 0
k=4: 0 0 13 0 0 0
k=5: 0 0 13 0 0 0
i=14
k=1: 0 0 0 0 0 13
k=2: 0 0 0 0 0 13
k=3: 0 0 0 0 0 13
k=4: 0 0 0 0 0 13
k=5: 0 0 0 0 0 13
i=15
k=1: 0 0 0 0 13 0
k=2: 0 0 0 0 13 0
k=3: 0 0 0 0 13 0
k=4: 0 0 0 0 13 0
k=5: 0 0 0 0 13 0
i=16
k=1: 13 0 0 0 0 0
k=2: 13 0 0 0 0 0
k=3: 13 0 0 0 0 0
k=4: 13 0 0 0 0 0
k=5: 13 0 0 0 0 0
i=17
k=1: 13 0 0 0 0 0
k=2: 13 0 0 0 0 0
k=3: 13 0 0 0 0 0
k=4: 13 0 0 0 0 0
k=5: 13 0 0 0 0 0
i=18
k=1: 0 0 0 13 13 0
k=2: 0 0 0 13 13 0
k=3: 0 0 0 13 13 0
k=4: 0 0 0 13 13 0
k=5: 0 0 0 13 13 0
i=19
k=1: 0 0 0 0 13 13
k=2: 0 0 0 0 13 13
k=3: 0 0 0 0 13 13
k=4: 0 0 0 0 13 13
k=5: 0 0 0 0 13 13
i=20
k=1: 0 0 0 0 13 13
k=2: 0 0 0 0 13 13
k=3: 0 0 0 0 13 13
k=4: 0 0 0 0 13 13
k=5: 0 0 0 0 13 13
i=21
k=1: 0 0 0 13 13 0
k=2: 0 0 0 13 13 0
k=3: 0 0 0 13 13 0
k=4: 0 0 0 13 13 0
k=5: 0 0 0 13 13 0
i=22
k=1: 13 0 0 13 0 0
k=2: 13 0 0 13 0 0
k=3: 13 0 0 13 0 0
k=4: 13 0 0 13 0 0
k=5: 13 0 0 13 0 0
i=23
k=1: 0 0 13 0 0 13
k=2: 0 0 13 0 0 13
k=3: 0 0 13 0 0 13
k=4: 0 0 13 0 0 13
k=5: 0 0 13 0 0 13
i=24
k=1: 0 13 0 0 13 0
k=2: 0 13 0 0 13 0
k=3: 0 13 0 0 13 0
k=4: 0 13 0 0 13 0
k=5: 0 13 0 0 13 0
i=25
k=1: 0 0 13 0 13 0
k=2: 0 0 13 0 13 0
k=3: 0 0 13 0 13 0
k=4: 0 0 13 0 13 0
k=5: 0 0 13 0 13 0
i=26
k=1: 0 0 0 0 0 0
k=2: 0 0 0 0 0 0
k=3: 0 0 0 0 0 0
k=4: 0 0 0 0 0 0
k=5: 0 0 0 0 0 0

a_k^s =
1 1 0 0 0 0
1 0 1 0 0 0
0 0 0 1 1 1
0 0 0 0 1 1
0 0 0 1 1 1

# delta_min_i/delta_max_i are only listed for i in D.
delta_min_i =
18: 0
19: 0
20: 0
21: 0
22: 28
23: 43
24: 9
25: 16
delta_max_i =
18: 0
19: 0
20: 0
21: 0
22: 56
23: 86
24: 18
25: 32

